
strategic_region={
	id=22
	name="STRATEGICREGION_22"
	provinces={
		6 141 155 238 262 325 353 461 622 655 697 849 940 957 960 1019 1020 1180 1292 1306 1379 1414 1457 1475 1507 1518 1668 1774 1800 1810 1840 1896 1912 1944 2040 2082 2120 2167 2247 2253 2491 2532 2553 2570 2601 2623 2696 2790 2878 2935 3052 3117 3140 3338 3361 3367 3378 3522 3576 3586 3623 3689 3781 3811 3853 3940 4109 4160 4299 4301 4313 4317 4376 4382 4452 4474 4583 4639 4696 4730 4771 4786 4845 4940 4978 5053 5058 5089 5098 5252 5255 5265 5271 5277 5355 5360 5369 5422 5440 5510 5581 5603 5623 5682 5754 5942 5962 6004 6088 6253 6293 6306 6313 6359 6368 6485 6734 6748 6831 6841 6847 6880 6917 6962 6967 6994 7026 7028 7060 7062 7100 7252 7325 7347 7365 7389 7419 7541 7604 7700 7799 7890 7986 8073 8091 8164 8193 8197 8204 8253 8278 8289 8314 8338 8347 8350 8382 8488 8495 8531 8566 8567 8596 8597 8607 8678 8695 8722 8802 8909 8921 8945 8947 8958 8990 9007 9009 9215 9248 9301 9487 9513 9564 9590 9619 9629 9665 9673 9689 9713 9756 9795 9857 9886 10038 10048 10113 10114 10117 10243 10267 10274 10311 10364 10378 10380 10403 10416 10434 10513 10565 10580 10622 10653 10726 10742 10749 10831 10846 10852 10864 10931 10991 11060 11173 11185 11211 11229 11246 11294 11348 11359 11398 11418 11432 11513 11545 11601 15013 15016 15049 15078 15089 15117 15130 15135 15136 15141 15151 15157 15163 15165 15166 15185 15204 15217 15222 15227 15230 15242 15257 15265 15269 15272 15289 15296 15303 15309 15314 15321 15322 15332 15343 15350 15351 15359 15364 15366 15367 15370 15371 15375 15388 15389 15391 15393 15399 15404 15405 15416 15419 15421 15428 15429 15431 15441 15444 15447 15455 15459 15464 15474 15482 15485 15486 15490 15491 15494 15495 15504 15505 15515 15517 15524 15531 15532 15540 15545 15552 15554 15562 15563 15564 15566 15567 15568 15572 15576 15580 15587 15589 15590 15591 15598 15608 15609 15611 15614 15615 15619 15622 15626 15627 15631 15635 15636 15638 15641 15644 15647 15648 15657 15661 15664 15676 15677 15686 15689 15690 15702 15706 15713 15717 15718 15725 15748 15749 15750 15756 15762 15767 15768 15807 15833 15844 19541 19614 19615 19616 19617 19618 19692 19695 19714 19715 19716 19717 19718 19720 19721 19722 19723 19724 19725 19726 19727 19728 19729 19730 19731 19732 19733 19734 19735 19736 19737 19738 19739 19740 19741 19742 19743 19744 19745 19746 19747 19748 19749 19750 19751 19752 19753 19754 19755 19756 19757 19758 19759 19760 19761 19762 19763 19764 19765 19766 19767 19768 19769 19770 19771 19772 19773 19774 19775 19776 19777 19778 19779 19780 19781 19782 19783 19784 19785 19786 19787 19788 19789 19790 19791 19792 19793 19794 19795 19796 19797 19798 19799 19800 19801 19802 19803 19804 19805 19806 19807 19808 19809 19810 19811 19812 19813 19814 19815 19816 19817 19818 19819 19820 19821 19822 19823 19824 19825 19826 19827 19828 19829 19830 19831 19832 19833 19834 19835 19836 19837 19838 19839 19840 19841 19842 19843 19844 19845 19846 19847 19848 19849 19850 19851 19852 19853 19854 19855 19856 19857 19858 19859 19860 19861 19862 19863 19864 19865 19866 19867 19868 19869 19870 19871 19872 19873 19874 19875 19876 19877 19878 19879 19880 19882 19883 19884 19885 19886 19887 19888 19889 19891 19892 19893 19894 19895 19896 19897 19898 19899 19902 19903 19904 19905 19906 19907 19908 19909 19910 19911 19912 19913 19917 19918 19919 19921 19922 19924 19926 19927 19928 19929 19931 19934 19935 19936 19937 19938 19939 19940 19945 19946 19949 19951 19952 19953 19954 19957 19961 19963 19964 19965 19976 19991 19992 19999 20000 20001 20002 20003 20004 20005 20007 20008 20011 20012 20013 20014 20016 20017 20018 20020 20021 20022 20023 20025 20026 20027 20028 20029 20030 20031 20032 20033 20034 20035 20036 20037 20038 20039 20040 20041 20042 20043 20044 20045 20046 20047 20048 20107 20108 20109 20110 20111 20112 20113 20114 20115 20121 
	}
	weather={
		period={
			between={ 0.0 30.0 }
			temperature={ 4.0 13.0 }
			temperature_day_night={ 9.0 -9.0 }
			no_phenomenon=0.800
			rain_light=0.150
			rain_heavy=0.050
			snow=0.000
			blizzard=0.000
			arctic_water=0.000
			mud=1.000
			sandstorm=0.000
			min_snow_level=0.000
		}
		period={
			between={ 0.1 27.1 }
			temperature={ 3.0 13.0 }
			temperature_day_night={ 9.0 -9.0 }
			no_phenomenon=0.800
			rain_light=0.150
			rain_heavy=0.050
			snow=0.000
			blizzard=0.000
			arctic_water=0.000
			mud=1.000
			sandstorm=0.000
			min_snow_level=0.000
		}
		period={
			between={ 0.2 30.2 }
			temperature={ 6.0 16.0 }
			temperature_day_night={ 8.0 -8.0 }
			no_phenomenon=0.800
			rain_light=0.150
			rain_heavy=0.050
			snow=0.000
			blizzard=0.000
			arctic_water=0.000
			mud=1.000
			sandstorm=0.000
			min_snow_level=0.000
		}
		period={
			between={ 0.3 29.3 }
			temperature={ 9.0 18.0 }
			temperature_day_night={ 13.0 -13.0 }
			no_phenomenon=0.750
			rain_light=0.150
			rain_heavy=0.100
			snow=0.000
			blizzard=0.000
			arctic_water=0.000
			mud=1.000
			sandstorm=0.000
			min_snow_level=0.000
		}
		period={
			between={ 0.4 30.4 }
			temperature={ 13.0 22.0 }
			temperature_day_night={ 13.0 -13.0 }
			no_phenomenon=0.750
			rain_light=0.150
			rain_heavy=0.100
			snow=0.000
			blizzard=0.000
			arctic_water=0.000
			mud=1.000
			sandstorm=0.000
			min_snow_level=0.000
		}
		period={
			between={ 0.5 29.5 }
			temperature={ 17.0 25.0 }
			temperature_day_night={ 15.0 -15.0 }
			no_phenomenon=0.850
			rain_light=0.100
			rain_heavy=0.050
			snow=0.000
			blizzard=0.000
			arctic_water=0.000
			mud=1.000
			sandstorm=0.000
			min_snow_level=0.000
		}
		period={
			between={ 0.6 30.6 }
			temperature={ 19.0 28.0 }
			temperature_day_night={ 15.0 -15.0 }
			no_phenomenon=0.850
			rain_light=0.100
			rain_heavy=0.050
			snow=0.000
			blizzard=0.000
			arctic_water=0.000
			mud=1.000
			sandstorm=0.000
			min_snow_level=0.000
		}
		period={
			between={ 0.7 30.7 }
			temperature={ 19.0 28.0 }
			temperature_day_night={ 15.0 -15.0 }
			no_phenomenon=0.900
			rain_light=0.070
			rain_heavy=0.030
			snow=0.000
			blizzard=0.000
			arctic_water=0.000
			mud=1.000
			sandstorm=0.000
			min_snow_level=0.000
		}
		period={
			between={ 0.8 29.8 }
			temperature={ 15.0 25.0 }
			temperature_day_night={ 13.0 -13.0 }
			no_phenomenon=0.900
			rain_light=0.070
			rain_heavy=0.030
			snow=0.000
			blizzard=0.000
			arctic_water=0.000
			mud=1.000
			sandstorm=0.000
			min_snow_level=0.000
		}
		period={
			between={ 0.9 30.9 }
			temperature={ 12.0 21.0 }
			temperature_day_night={ 8.0 -7.0 }
			no_phenomenon=0.800
			rain_light=0.150
			rain_heavy=0.500
			snow=0.000
			blizzard=0.000
			arctic_water=0.000
			mud=1.000
			sandstorm=0.000
			min_snow_level=0.000
		}
		period={
			between={ 0.10 29.10 }
			temperature={ 8.0 17.0 }
			temperature_day_night={ 8.0 -7.0 }
			no_phenomenon=0.750
			rain_light=0.150
			rain_heavy=0.500
			snow=0.000
			blizzard=0.000
			arctic_water=0.000
			mud=1.000
			sandstorm=0.000
			min_snow_level=0.000
		}
		period={
			between={ 0.11 30.11 }
			temperature={ 4.0 13.0 }
			temperature_day_night={ 8.0 -7.0 }
			no_phenomenon=0.750
			rain_light=0.150
			rain_heavy=0.500
			snow=0.000
			blizzard=0.000
			arctic_water=0.000
			mud=1.000
			sandstorm=0.000
			min_snow_level=0.000
		}
		
	}
}
