
strategic_region={
	id=34
	name="STRATEGICREGION_34"
	provinces={
		87 98 127 193 259 289 414 423 426 475 570 649 673 689 733 804 889 968 1022 1034 1061 1217 1221 1224 1228 1244 1256 1295 1325 1338 1387 1424 1425 1443 1461 1503 1529 1536 1679 1681 1689 1701 1740 1835 1841 2051 2069 2077 2099 2181 2182 2185 2198 2215 2272 2350 2381 2402 2533 2775 2901 2991 3000 3009 3010 3038 3112 3150 3160 3165 3315 3349 3380 3432 3464 3469 3477 3480 3493 3513 3564 3575 3597 3683 3765 3786 3787 3813 3844 3875 3937 3947 3974 4002 4036 4099 4179 4197 4218 4231 4249 4262 4288 4462 4480 4496 4505 4547 4566 4585 4622 4648 4682 4762 4791 4810 4815 4832 4853 4961 5006 5077 5128 5172 5204 5221 5288 5341 5389 5390 5420 5512 5520 5541 5586 5632 5666 5718 5759 5767 5812 5839 5858 5873 5900 5913 5928 5936 5970 5980 6032 6087 6116 6121 6122 6143 6158 6206 6254 6262 6282 6375 6392 6430 6481 6522 6555 6562 6619 6625 6649 6668 6718 6745 6761 6786 6820 6838 6927 7013 7034 7038 7041 7083 7130 7203 7205 7221 7238 7258 7337 7362 7366 7380 7387 7435 7450 7502 7516 7565 7582 7594 7611 7650 7658 7696 7698 7718 7739 7749 7813 7833 8026 8046 8168 8169 8209 8266 8339 8377 8378 8396 8429 8479 8498 8534 8564 8580 8725 8749 8756 8764 8783 8827 8875 8905 8960 8979 8994 9051 9085 9109 9136 9207 9211 9214 9282 9294 9295 9321 9332 9350 9375 9416 9484 9492 9495 9530 9541 9546 9562 9694 9703 9712 9752 9800 9825 9890 9928 9931 9961 10001 10017 10034 10088 10105 10106 10152 10157 10172 10224 10241 10254 10324 10330 10407 10432 10437 10448 10459 10489 10505 10536 10609 10632 10645 10671 10673 10718 10722 10729 10732 10733 10743 10775 10790 10819 10824 10925 10949 10958 10965 10996 11086 11093 11109 11140 11158 11174 11180 11204 11225 11237 11255 11293 11313 11315 11333 11336 11434 11493 11510 11527 11530 11562 11564 11600 11838 11842 11845 11861 11867 11881 11889 11894 11902 11924 11928 11929 11943 11945 11959 11975 11990 11994 12014 12019 12022 12025 12026 12030 12031 12038 12040 12047 12051 12056 12060 12066 12068 12069 12072 12076 12077 12082 12083 12089 12092 12093 12095 12109 12110 12112 12114 12115 12127 12130 12132 12134 12135 12136 12139 12140 12144 12146 12148 12149 12151 12153 12154 12156 12159 12160 12162 12164 12170 12173 12175 12177 12182 12183 12185 12192 12193 12197 12198 12199 12200 12203 12209 12210 12212 12213 12217 12218 12219 12220 12222 12223 12228 12232 12236 12241 12244 12251 12253 12255 12256 12257 12259 12272 12274 12276 12280 12281 12282 12288 12290 12293 12296 12299 12300 12302 12303 12305 12307 12309 12312 12313 12319 12320 12330 12331 12332 12335 12336 12339 12345 12347 12348 12349 12350 12354 12362 12363 12371 12372 12376 12387 12394 12400 12401 12407 12411 12413 12419 12420 12423 12429 12437 12442 12443 12445 12449 12456 12468 12471 12476 12477 12480 12486 12490 12495 12496 12519 12523 12537 12540 12554 12563 12568 12576 17183 17185 17188 17202 17211 17213 17214 17218 17220 17566 17651 18017 18479 18509 18622 18768 18832 18935 19005 19060 19065 19235 19237 19238 19239 19240 19241 19242 19243 19244 19246 19247 19248 19249 19250 19251 19254 19255 19258 19260 19262 19264 19265 19266 19267 19268 19271 19272 19273 19274 19275 19276 19277 19278 19279 19280 19281 19283 19284 19285 19286 19287 19288 19289 19290 19291 19292 19293 19294 19295 19296 19297 19298 19299 19300 19301 19302 19303 19304 19305 19306 19307 19308 19309 19310 19311 19312 19313 19314 19315 19316 19318 19319 19320 19321 19322 19323 19324 19325 19326 19327 19328 19329 19330 19331 19332 19333 19334 19335 19336 19337 19338 19339 19340 19341 19342 19343 19344 19345 19346 19347 19348 19349 19351 19354 19355 19356 19358 19359 19360 19361 19362 19363 19365 19366 19367 19368 19369 19370 19371 19372 19373 19375 19376 19377 19378 19379 19380 19381 19382 19384 19385 19386 19388 
	}
	weather={
		period={
			between={ 0.0 30.0 }
			temperature={ -12.0 -6.0 }
			temperature_day_night={ 12.0 -12.0 }
			no_phenomenon=0.600
			rain_light=0.050
			rain_heavy=0.010
			snow=0.180
			blizzard=0.100
			arctic_water=0.000
			mud=1.000
			sandstorm=0.000
			min_snow_level=0.100
		}
		period={
			between={ 0.1 27.1 }
			temperature={ -13.0 -6.0 }
			temperature_day_night={ 12.0 -12.0 }
			no_phenomenon=0.650
			rain_light=0.020
			rain_heavy=0.010
			snow=0.250
			blizzard=0.120
			arctic_water=0.000
			mud=1.000
			sandstorm=0.000
			min_snow_level=0.100
		}
		period={
			between={ 0.2 30.2 }
			temperature={ -5.0 2.0 }
			temperature_day_night={ 10.0 -10.0 }
			no_phenomenon=0.700
			rain_light=0.080
			rain_heavy=0.020
			snow=0.150
			blizzard=0.050
			arctic_water=0.000
			mud=1.000
			sandstorm=0.000
			min_snow_level=0.000
		}
		period={
			between={ 0.3 29.3 }
			temperature={ 3.0 15.0 }
			temperature_day_night={ 10.0 -10.0 }
			no_phenomenon=0.750
			rain_light=0.120
			rain_heavy=0.060
			snow=0.030
			blizzard=0.000
			arctic_water=0.000
			mud=1.000
			sandstorm=0.000
			min_snow_level=0.000
		}
		period={
			between={ 0.4 30.4 }
			temperature={ 6.0 18.0 }
			temperature_day_night={ 10.0 -10.0 }
			no_phenomenon=0.800
			rain_light=0.150
			rain_heavy=0.050
			snow=0.000
			blizzard=0.000
			arctic_water=0.000
			mud=1.000
			sandstorm=0.000
			min_snow_level=0.000
		}
		period={
			between={ 0.5 29.5 }
			temperature={ 11.0 22.0 }
			temperature_day_night={ 10.0 -10.0 }
			no_phenomenon=0.800
			rain_light=0.150
			rain_heavy=0.050
			snow=0.000
			blizzard=0.000
			arctic_water=0.000
			mud=1.000
			sandstorm=0.000
			min_snow_level=0.000
		}
		period={
			between={ 0.6 30.6 }
			temperature={ 15.0 26.0 }
			temperature_day_night={ 10.0 -10.0 }
			no_phenomenon=0.750
			rain_light=0.150
			rain_heavy=0.050
			snow=0.000
			blizzard=0.000
			arctic_water=0.000
			mud=1.000
			sandstorm=0.000
			min_snow_level=0.000
		}
		period={
			between={ 0.7 30.7 }
			temperature={ 13.0 23.0 }
			temperature_day_night={ 10.0 -10.0 }
			no_phenomenon=0.700
			rain_light=0.200
			rain_heavy=0.050
			snow=0.000
			blizzard=0.000
			arctic_water=0.000
			mud=1.000
			sandstorm=0.000
			min_snow_level=0.000
		}
		period={
			between={ 0.8 29.8 }
			temperature={ 7.0 16.0 }
			temperature_day_night={ 10.0 -10.0 }
			no_phenomenon=0.700
			rain_light=0.250
			rain_heavy=0.070
			snow=0.000
			blizzard=0.000
			arctic_water=0.000
			mud=1.000
			sandstorm=0.000
			min_snow_level=0.000
		}
		period={
			between={ 0.9 30.9 }
			temperature={ 3.0 8.0 }
			temperature_day_night={ 10.0 -10.0 }
			no_phenomenon=0.650
			rain_light=0.200
			rain_heavy=0.050
			snow=0.050
			blizzard=0.000
			arctic_water=0.000
			mud=1.000
			sandstorm=0.000
			min_snow_level=0.000
		}
		period={
			between={ 0.10 29.10 }
			temperature={ -4.0 1.0 }
			temperature_day_night={ 10.0 -10.0 }
			no_phenomenon=0.650
			rain_light=0.180
			rain_heavy=0.050
			snow=0.100
			blizzard=0.000
			arctic_water=0.000
			mud=1.000
			sandstorm=0.000
			min_snow_level=0.000
		}
		period={
			between={ 0.11 30.11 }
			temperature={ -7.0 -3.0 }
			temperature_day_night={ 10.0 -10.0 }
			no_phenomenon=0.600
			rain_light=0.150
			rain_heavy=0.050
			snow=0.200
			blizzard=0.050
			arctic_water=0.000
			mud=1.000
			sandstorm=0.000
			min_snow_level=0.100
		}
		
	}
}
