
strategic_region={
	id=49
	name="STRATEGICREGION_49"
	provinces={
		4 12 16 36 48 88 116 134 136 144 156 171 186 246 281 327 343 346 355 383 399 420 459 479 494 519 526 542 543 553 556 595 624 652 704 721 740 742 775 778 797 807 898 987 992 1039 1073 1107 1122 1131 1140 1193 1198 1205 1232 1237 1246 1263 1277 1336 1347 1350 1355 1394 1395 1496 1511 1517 1553 1555 1591 1616 1634 1636 1638 1663 1675 1724 1782 1811 1842 1848 1859 1863 1894 1910 2024 2093 2147 2188 2190 2210 2224 2283 2302 2306 2368 2374 2426 2437 2458 2470 2474 2502 2519 2539 2552 2554 2559 2592 2593 2611 2639 2673 2707 2723 2727 2747 2757 2811 2836 2839 2861 2893 2932 2936 2959 2993 3056 3061 3106 3108 3109 3126 3133 3139 3195 3282 3302 3306 3346 3375 3410 3461 3463 3494 3510 3516 3530 3551 3556 3611 3622 3650 3653 3659 3670 3674 3677 3687 3693 3709 3714 3718 3727 3803 3816 3882 3894 3902 3914 3915 3953 3962 4044 4096 4124 4156 4183 4189 4194 4201 4209 4278 4290 4315 4331 4354 4411 4422 4488 4509 4548 4582 4604 4633 4643 4663 4674 4706 4711 4758 4793 4819 4826 4827 4869 4913 4926 4931 4949 4993 5011 5017 5043 5051 5063 5101 5116 5140 5145 5159 5180 5185 5211 5212 5220 5241 5245 5266 5340 5366 5377 5382 5386 5401 5427 5466 5483 5524 5532 5571 5584 5601 5610 5646 5655 5658 5671 5684 5709 5714 5770 5790 5800 5801 5832 5874 5888 5915 5937 5951 6056 6064 6075 6100 6149 6168 6169 6194 6199 6214 6234 6247 6251 6291 6317 6318 6333 6341 6344 6377 6406 6426 6431 6436 6501 6531 6549 6556 6577 6590 6594 6620 6640 6645 6676 6723 6725 6730 6751 6756 6772 6787 6806 6827 6851 6873 6881 6885 6910 6914 6938 6942 6946 7019 7053 7108 7129 7148 7156 7177 7182 7187 7229 7239 7251 7278 7293 7310 7326 7351 7368 7384 7395 7411 7417 7459 7469 7470 7492 7505 7510 7538 7547 7560 7579 7587 7601 7624 7637 7645 7652 7675 7676 7678 7690 7714 7717 7736 7763 7859 7861 7868 7876 7884 7885 7892 7904 7920 7964 7971 7976 8037 8040 8049 8068 8095 8098 8106 8111 8122 8151 8154 8160 8166 8167 8187 8191 8208 8217 8229 8241 8244 8420 8441 8523 8539 8556 8560 8569 8575 8589 8619 8639 8643 8646 8649 8732 8735 8740 8741 8743 8779 8805 8815 8831 8881 8911 8913 8919 8946 8955 8959 8978 8992 9019 9029 9031 9044 9045 9063 9074 9087 9104 9105 9122 9123 9132 9134 9147 9151 9159 9170 9194 9230 9241 9255 9284 9304 9318 9341 9372 9378 9394 9403 9436 9438 9444 9508 9517 9545 9561 9600 9615 9630 9655 9677 9702 9737 9741 9750 9759 9776 9786 9792 9802 9812 9830 9874 9881 9884 9897 9933 9956 9987 10115 10153 10162 10170 10209 10215 10220 10226 10289 10328 10336 10340 10350 10397 10402 10430 10450 10453 10474 10510 10526 10583 10608 10614 10676 10677 10694 10710 10717 10741 10753 10784 10789 10797 10827 10870 10890 10906 10927 10930 10946 10951 10973 10998 11002 11003 11010 11012 11017 11036 11049 11057 11063 11157 11160 11181 11228 11234 11236 11245 11274 11296 11340 11344 11351 11385 11388 11414 11441 11442 11467 11471 11517 11571 11585 11609 11616 11620 11626 11627 15131 15171 15174 15184 15202 15233 15276 15295 15313 15317 15336 15340 15358 15361 15362 15390 15398 15402 15407 15412 15440 15454 15458 15462 15468 15473 15477 15481 15489 15492 15493 15497 15498 15509 15510 15513 15514 15528 15529 15534 15535 15536 15538 15539 15543 15544 15547 15553 15571 15588 15601 15602 15603 15604 15606 15617 15628 15630 15632 15640 15642 15646 15649 15659 15667 15673 15674 15678 15683 15687 15688 15693 15696 15704 15708 15709 15715 15723 15724 15729 15730 15736 15739 15741 15742 15751 15753 15764 15766 15780 15783 15786 15788 15789 15794 15806 15809 15810 15811 15817 15819 15820 15825 15828 15832 15839 15843 15846 15861 15875 15876 15878 15879 15886 15898 15902 15904 15912 15938 15943 15944 15960 15961 15963 15964 15967 15971 15981 15982 15983 15988 15989 15991 16005 16006 16007 16014 16015 16017 16018 16020 16022 16023 16025 16026 16031 16040 16041 16044 16047 16048 16049 16050 16053 16056 16065 16068 16072 16073 16078 16083 16084 16085 16088 16093 16100 16102 16106 16107 16113 16124 16125 16127 16133 16139 16142 16148 16151 16152 16158 16163 16167 16172 16188 16201 16203 16211 16215 16221 16225 16228 16237 16238 16242 16248 16249 16251 16253 16265 16266 16267 16275 16278 16282 16283 16288 16295 16296 16306 16317 16331 16332 16335 16339 16349 16360 16362 16370 16375 16376 16382 16384 16387 16388 16391 16397 16399 16403 16408 16424 16429 16434 16439 16440 16451 16452 16453 16456 16460 16465 16468 16470 16471 16473 16474 16478 16482 16485 16489 16503 16508 16509 16512 16518 16524 16527 16539 16551 16553 17339 17341 17351 19705 19706 19707 19708 19709 19710 19711 19712 
	}
	weather={
		period={
			between={ 0.0 30.0 }
			temperature={ 1.0 11.0 }
			temperature_day_night={ 8.0 -9.0 }
			no_phenomenon=0.700
			rain_light=0.200
			rain_heavy=0.080
			snow=0.020
			blizzard=0.000
			arctic_water=0.000
			mud=1.000
			sandstorm=0.000
			min_snow_level=0.000
		}
		period={
			between={ 0.1 27.1 }
			temperature={ 2.0 13.0 }
			temperature_day_night={ 9.0 -9.0 }
			no_phenomenon=0.700
			rain_light=0.200
			rain_heavy=0.080
			snow=0.020
			blizzard=0.000
			arctic_water=0.000
			mud=1.000
			sandstorm=0.000
			min_snow_level=0.000
		}
		period={
			between={ 0.2 30.2 }
			temperature={ 4.0 17.0 }
			temperature_day_night={ 7.0 -7.0 }
			no_phenomenon=0.700
			rain_light=0.200
			rain_heavy=0.100
			snow=0.000
			blizzard=0.000
			arctic_water=0.000
			mud=1.000
			sandstorm=0.000
			min_snow_level=0.000
		}
		period={
			between={ 0.3 29.3 }
			temperature={ 6.0 18.0 }
			temperature_day_night={ 7.0 -7.0 }
			no_phenomenon=0.650
			rain_light=0.250
			rain_heavy=0.100
			snow=0.000
			blizzard=0.000
			arctic_water=0.000
			mud=1.000
			sandstorm=0.000
			min_snow_level=0.000
		}
		period={
			between={ 0.4 30.4 }
			temperature={ 10.0 23.0 }
			temperature_day_night={ 7.0 -7.0 }
			no_phenomenon=0.650
			rain_light=0.250
			rain_heavy=0.100
			snow=0.000
			blizzard=0.000
			arctic_water=0.000
			mud=1.000
			sandstorm=0.000
			min_snow_level=0.000
		}
		period={
			between={ 0.5 29.5 }
			temperature={ 14.0 29.0 }
			temperature_day_night={ 8.0 -8.0 }
			no_phenomenon=0.700
			rain_light=0.200
			rain_heavy=0.100
			snow=0.000
			blizzard=0.000
			arctic_water=0.000
			mud=1.000
			sandstorm=0.000
			min_snow_level=0.000
		}
		period={
			between={ 0.6 30.6 }
			temperature={ 17.0 34.0 }
			temperature_day_night={ 8.0 -8.0 }
			no_phenomenon=0.800
			rain_light=0.150
			rain_heavy=0.050
			snow=0.000
			blizzard=0.000
			arctic_water=0.000
			mud=1.000
			sandstorm=0.000
			min_snow_level=0.000
		}
		period={
			between={ 0.7 30.7 }
			temperature={ 17.0 33.0 }
			temperature_day_night={ 7.0 -6.0 }
			no_phenomenon=0.850
			rain_light=0.100
			rain_heavy=0.050
			snow=0.000
			blizzard=0.000
			arctic_water=0.000
			mud=1.000
			sandstorm=0.000
			min_snow_level=0.000
		}
		period={
			between={ 0.8 29.8 }
			temperature={ 13.0 27.0 }
			temperature_day_night={ 8.0 -6.0 }
			no_phenomenon=0.850
			rain_light=0.100
			rain_heavy=0.050
			snow=0.000
			blizzard=0.000
			arctic_water=0.000
			mud=1.000
			sandstorm=0.000
			min_snow_level=0.000
		}
		period={
			between={ 0.9 30.9 }
			temperature={ 9.0 21.0 }
			temperature_day_night={ 8.0 -6.0 }
			no_phenomenon=0.750
			rain_light=0.150
			rain_heavy=0.100
			snow=0.000
			blizzard=0.000
			arctic_water=0.000
			mud=1.000
			sandstorm=0.000
			min_snow_level=0.000
		}
		period={
			between={ 0.10 29.10 }
			temperature={ 4.0 14.0 }
			temperature_day_night={ 8.0 -8.0 }
			no_phenomenon=0.650
			rain_light=0.250
			rain_heavy=0.100
			snow=0.000
			blizzard=0.000
			arctic_water=0.000
			mud=1.000
			sandstorm=0.000
			min_snow_level=0.000
		}
		period={
			between={ 0.11 30.11 }
			temperature={ 2.0 11.0 }
			temperature_day_night={ 8.0 -8.0 }
			no_phenomenon=0.650
			rain_light=0.250
			rain_heavy=0.800
			snow=0.020
			blizzard=0.000
			arctic_water=0.000
			mud=1.000
			sandstorm=0.000
			min_snow_level=0.000
		}
		
	}
}
