
strategic_region={
	id=52
	name="STRATEGICREGION_52"
	provinces={
		15 92 130 149 328 376 379 417 429 442 550 559 576 644 650 774 780 830 841 844 845 888 890 921 933 934 942 975 991 1067 1083 1099 1128 1234 1252 1253 1315 1317 1392 1396 1427 1448 1491 1501 1514 1562 1595 1627 1632 1710 1720 1738 1772 1791 1802 1815 1836 1880 1893 1899 1949 1965 2070 2132 2138 2165 2234 2285 2290 2347 2358 2362 2406 2408 2477 2590 2602 2633 2644 2660 2669 2720 2780 2812 2833 2903 2941 2951 2995 2997 3007 3013 3051 3084 3123 3171 3177 3183 3234 3301 3317 3345 3406 3408 3512 3537 3614 3620 3630 3647 3721 3762 3774 3819 3835 3837 3845 3869 3917 3934 4005 4006 4007 4033 4149 4173 4177 4181 4221 4225 4296 4308 4309 4311 4321 4340 4352 4428 4499 4533 4567 4576 4592 4634 4638 4662 4683 4691 4703 4741 4848 4856 4939 4941 4955 4968 4982 4989 4991 5067 5117 5119 5133 5173 5184 5260 5263 5410 5411 5505 5513 5543 5585 5648 5680 5686 5746 5781 5797 5886 5906 5930 6010 6029 6070 6095 6110 6130 6136 6148 6162 6216 6287 6324 6437 6454 6464 6475 6519 6532 6536 6545 6557 6559 6644 6705 6726 6784 6793 6817 6860 6868 6902 6932 6935 6945 6956 6992 7082 7164 7178 7323 7336 7342 7345 7355 7359 7360 7373 7398 7414 7421 7493 7517 7566 7636 7659 7686 7705 7706 7730 7756 7761 7887 7903 7907 7958 7977 7994 8033 8057 8074 8087 8089 8147 8172 8194 8202 8239 8306 8312 8336 8341 8361 8371 8426 8458 8467 8487 8493 8497 8532 8592 8603 8613 8621 8623 8654 8662 8706 8768 8786 8828 8842 8854 8858 8903 8918 8986 9018 9028 9064 9066 9072 9096 9111 9141 9149 9199 9220 9223 9224 9240 9261 9279 9351 9360 9376 9395 9459 9476 9601 9609 9680 9709 9726 9735 9806 9818 9823 9824 9836 9888 9899 9935 9954 9966 10006 10013 10022 10049 10057 10107 10126 10144 10154 10195 10201 10211 10212 10231 10276 10301 10329 10332 10334 10358 10368 10393 10394 10461 10473 10550 10571 10588 10601 10626 10639 10643 10651 10685 10697 10703 10731 10851 10948 10975 10977 10979 10985 10997 11013 11038 11087 11209 11222 11239 11243 11250 11270 11297 11310 11323 11349 11363 11413 11420 11507 11524 11533 11619 13239 13409 13442 13475 13524 13525 13558 13559 13567 13584 13599 13611 13624 13646 13648 13655 13656 13660 13674 13675 13678 13693 13707 13708 13716 13717 13724 13726 13727 13730 13731 13733 13740 13741 13747 13760 13761 13764 13768 13778 13783 13784 13793 13794 13798 13805 13809 13810 13822 13828 13831 13835 13840 13841 13847 13851 13873 13874 13877 13884 13885 13886 13887 13888 13893 13914 13920 13921 13925 13926 13929 13944 13958 13963 13964 13970 13986 13993 13994 13997 14001 14005 14006 14012 14015 14029 14036 14038 14039 14041 14045 14046 14051 14066 14067 14068 14069 14087 14093 14099 14103 14108 14111 14112 14129 14131 14137 14138 14139 14142 14149 14167 14169 14171 14172 14176 14177 14182 14187 14192 14199 14202 14206 14208 14216 14219 14220 14224 14227 14235 14238 14243 14248 14256 14257 14260 14270 14271 14278 14280 14281 14282 14298 14300 14301 14307 14312 14319 14324 14325 14330 14331 14340 14342 14346 14350 14358 14364 14368 14370 14375 14420 14421 14432 14433 14438 14442 14455 14466 14482 14506 14507 14508 14520 14524 14526 14548 14551 14552 14560 14577 14606 14619 14625 14630 14635 14638 14639 14645 14663 14683 14689 14699 14714 14719 14730 14731 14735 14738 14746 14765 14767 14770 14791 14814 14864 14889 14891 14892 14895 14907 14929 14940 14994 17316 18002 20301 20302 20303 20304 20320 20329 
	}
	weather={
		period={
			between={ 0.0 30.0 }
			temperature={ -12.0 3.0 }
			temperature_day_night={ 7.0 -7.0 }
			no_phenomenon=0.550
			rain_light=0.100
			rain_heavy=0.050
			snow=0.400
			blizzard=0.050
			arctic_water=0.000
			mud=1.600
			sandstorm=0.000
			min_snow_level=0.000
		}
		period={
			between={ 0.1 27.1 }
			temperature={ -15.0 3.0 }
			temperature_day_night={ 7.0 -7.0 }
			no_phenomenon=0.600
			rain_light=0.100
			rain_heavy=0.050
			snow=0.400
			blizzard=0.050
			arctic_water=0.000
			mud=1.600
			sandstorm=0.000
			min_snow_level=0.000
		}
		period={
			between={ 0.2 30.2 }
			temperature={ -4.0 5.0 }
			temperature_day_night={ 7.0 -7.0 }
			no_phenomenon=0.550
			rain_light=0.150
			rain_heavy=0.050
			snow=0.300
			blizzard=0.100
			arctic_water=0.000
			mud=1.600
			sandstorm=0.000
			min_snow_level=0.000
		}
		period={
			between={ 0.3 29.3 }
			temperature={ 0.0 16.0 }
			temperature_day_night={ 7.0 -7.0 }
			no_phenomenon=0.600
			rain_light=0.350
			rain_heavy=0.100
			snow=0.150
			blizzard=0.000
			arctic_water=0.000
			mud=1.600
			sandstorm=0.000
			min_snow_level=0.000
		}
		period={
			between={ 0.4 30.4 }
			temperature={ 7.0 19.0 }
			temperature_day_night={ 6.0 -6.0 }
			no_phenomenon=0.600
			rain_light=0.400
			rain_heavy=0.100
			snow=0.000
			blizzard=0.000
			arctic_water=0.000
			mud=1.600
			sandstorm=0.000
			min_snow_level=0.000
		}
		period={
			between={ 0.5 29.5 }
			temperature={ 11.0 22.0 }
			temperature_day_night={ 8.0 -8.0 }
			no_phenomenon=0.600
			rain_light=0.250
			rain_heavy=0.150
			snow=0.000
			blizzard=0.000
			arctic_water=0.000
			mud=1.600
			sandstorm=0.000
			min_snow_level=0.000
		}
		period={
			between={ 0.6 30.6 }
			temperature={ 13.0 24.0 }
			temperature_day_night={ 8.0 -8.0 }
			no_phenomenon=0.600
			rain_light=0.250
			rain_heavy=0.150
			snow=0.000
			blizzard=0.000
			arctic_water=0.000
			mud=1.600
			sandstorm=0.000
			min_snow_level=0.000
		}
		period={
			between={ 0.7 30.7 }
			temperature={ 12.0 23.0 }
			temperature_day_night={ 8.0 -8.0 }
			no_phenomenon=0.600
			rain_light=0.250
			rain_heavy=0.150
			snow=0.000
			blizzard=0.000
			arctic_water=0.000
			mud=1.600
			sandstorm=0.000
			min_snow_level=0.000
		}
		period={
			between={ 0.8 29.8 }
			temperature={ 7.0 17.0 }
			temperature_day_night={ 8.0 -8.0 }
			no_phenomenon=0.600
			rain_light=0.250
			rain_heavy=0.150
			snow=0.000
			blizzard=0.000
			arctic_water=0.000
			mud=1.600
			sandstorm=0.000
			min_snow_level=0.000
		}
		period={
			between={ 0.9 30.9 }
			temperature={ 3.0 10.0 }
			temperature_day_night={ 8.0 -8.0 }
			no_phenomenon=0.550
			rain_light=0.200
			rain_heavy=0.100
			snow=0.150
			blizzard=0.000
			arctic_water=0.000
			mud=1.600
			sandstorm=0.000
			min_snow_level=0.000
		}
		period={
			between={ 0.10 29.10 }
			temperature={ -5.0 5.0 }
			temperature_day_night={ 8.0 -8.0 }
			no_phenomenon=0.550
			rain_light=0.100
			rain_heavy=0.150
			snow=0.300
			blizzard=0.050
			arctic_water=0.000
			mud=1.600
			sandstorm=0.000
			min_snow_level=0.000
		}
		period={
			between={ 0.11 30.11 }
			temperature={ -7.0 -2.0 }
			temperature_day_night={ 8.0 -8.0 }
			no_phenomenon=0.200
			rain_light=0.130
			rain_heavy=0.070
			snow=0.450
			blizzard=0.050
			arctic_water=0.000
			mud=1.600
			sandstorm=0.000
			min_snow_level=0.010
		}
		
	}
}
