
strategic_region={
	id=56
	name="STRATEGICREGION_56"
	provinces={
		76 105 123 170 220 247 416 463 532 582 628 671 718 749 767 798 805 816 827 832 838 855 859 925 932 967 969 1033 1069 1109 1121 1137 1202 1282 1308 1341 1363 1512 1535 1551 1608 1629 1743 1789 1806 1831 1845 1861 1889 1907 1911 1941 2080 2124 2142 2217 2218 2273 2334 2391 2393 2409 2424 2466 2499 2511 2516 2557 2678 2697 2745 2754 2764 2851 2886 2897 2918 3024 3097 3155 3163 3185 3231 3239 3335 3364 3381 3409 3437 3545 3703 3720 3743 3750 3759 3772 3797 3808 3810 3840 3855 3874 3942 4062 4097 4129 4167 4169 4200 4227 4275 4345 4472 4522 4535 4549 4598 4656 4660 4665 4688 4699 4704 4738 4774 4795 4838 4857 4873 4895 4967 5080 5103 5227 5232 5258 5261 5342 5346 5353 5370 5445 5507 5587 5625 5672 5693 5825 5833 5838 5845 5846 5914 6019 6083 6150 6185 6192 6223 6265 6276 6303 6328 6335 6391 6417 6450 6587 6600 6667 6712 6731 6807 6823 6844 6886 6924 6928 6974 6978 6997 7045 7068 7080 7085 7127 7161 7246 7259 7267 7286 7327 7381 7404 7466 7468 7483 7595 7622 7631 7634 7646 7649 7664 7687 7783 7862 7872 7883 7906 7909 7933 7966 8013 8027 8036 8102 8155 8170 8275 8325 8370 8385 8403 8462 8489 8586 8630 8659 8698 8700 8730 8739 8752 8781 8796 8925 8941 8976 8991 9002 9017 9086 9089 9143 9152 9156 9178 9227 9251 9323 9338 9343 9363 9415 9433 9450 9455 9457 9468 9480 9553 9598 9627 9640 9716 9798 9815 9905 9943 9968 9997 10076 10186 10250 10259 10266 10321 10346 10369 10431 10457 10475 10477 10483 10501 10507 10563 10577 10610 10674 10700 10830 10845 10848 10886 10887 10920 10953 11098 11103 11191 11195 11249 11288 11332 11338 11343 11355 11362 11370 11380 11393 11449 11497 11501 11584 11593 13485 13510 13518 13520 13527 13529 13568 13576 13587 13595 13625 13626 13640 13649 13650 13661 13664 13665 13670 13671 13679 13680 13694 13695 13702 13713 13714 13718 13742 13749 13757 13765 13774 13785 13799 13806 13817 13818 13819 13820 13823 13826 13842 13862 13889 13890 13895 13904 13906 13913 13915 13930 13933 13954 13955 13959 13967 13981 13982 13987 13988 14007 14026 14040 14047 14048 14052 14053 14060 14064 14073 14086 14094 14095 14096 14100 14104 14113 14122 14127 14132 14133 14150 14154 14155 14163 14166 14168 14170 14178 14179 14201 14209 14217 14221 14225 14231 14232 14246 14249 14253 14261 14262 14267 14272 14273 14274 14289 14291 14293 14294 14302 14308 14309 14310 14313 14315 14316 14320 14337 14338 14343 14344 14356 14361 14362 14365 14371 14376 14379 14380 14381 14388 14392 14401 14406 14408 14409 14415 14422 14427 14428 14434 14443 14444 14446 14449 14451 14456 14457 14460 14476 14483 14484 14485 14495 14496 14497 14498 14502 14515 14521 14527 14530 14533 14537 14538 14549 14553 14572 14585 14594 14616 14620 14640 14641 14651 14668 14677 14684 14685 14700 14701 14727 14728 14749 14758 14768 17308 17310 17311 17312 
	}
	weather={
		period={
			between={ 0.0 30.0 }
			temperature={ -10.0 0.0 }
			temperature_day_night={ -5.0 5.0 }
			no_phenomenon=0.700
			rain_light=0.000
			rain_heavy=0.000
			snow=0.200
			blizzard=0.000
			arctic_water=0.000
			mud=1.000
			sandstorm=0.000
			min_snow_level=0.000
		}
		period={
			between={ 0.1 27.1 }
			temperature={ -5.0 1.0 }
			temperature_day_night={ -5.0 5.0 }
			no_phenomenon=0.700
			rain_light=0.000
			rain_heavy=0.000
			snow=0.050
			blizzard=0.000
			arctic_water=0.000
			mud=1.000
			sandstorm=0.000
			min_snow_level=0.000
		}
		period={
			between={ 0.2 30.2 }
			temperature={ 6.0 15.0 }
			temperature_day_night={ -5.0 5.0 }
			no_phenomenon=0.700
			rain_light=0.250
			rain_heavy=0.100
			snow=0.000
			blizzard=0.000
			arctic_water=0.000
			mud=1.000
			sandstorm=0.000
			min_snow_level=0.000
		}
		period={
			between={ 0.3 29.3 }
			temperature={ 6.0 15.0 }
			temperature_day_night={ -5.0 5.0 }
			no_phenomenon=0.700
			rain_light=0.250
			rain_heavy=0.100
			snow=0.000
			blizzard=0.000
			arctic_water=0.000
			mud=1.000
			sandstorm=0.000
			min_snow_level=0.000
		}
		period={
			between={ 0.4 30.4 }
			temperature={ 10.0 20.0 }
			temperature_day_night={ -5.0 5.0 }
			no_phenomenon=0.600
			rain_light=0.250
			rain_heavy=0.100
			snow=0.000
			blizzard=0.000
			arctic_water=0.000
			mud=1.000
			sandstorm=0.000
			min_snow_level=0.000
		}
		period={
			between={ 0.5 29.5 }
			temperature={ 25.0 35.0 }
			temperature_day_night={ -5.0 5.0 }
			no_phenomenon=0.500
			rain_light=0.300
			rain_heavy=0.200
			snow=0.000
			blizzard=0.000
			arctic_water=0.000
			mud=1.000
			sandstorm=0.000
			min_snow_level=0.000
		}
		period={
			between={ 0.6 30.6 }
			temperature={ 25.0 35.0 }
			temperature_day_night={ -5.0 5.0 }
			no_phenomenon=0.500
			rain_light=0.300
			rain_heavy=0.100
			snow=0.000
			blizzard=0.000
			arctic_water=0.000
			mud=1.000
			sandstorm=0.000
			min_snow_level=0.000
		}
		period={
			between={ 0.7 30.7 }
			temperature={ 25.0 35.0 }
			temperature_day_night={ -5.0 5.0 }
			no_phenomenon=0.500
			rain_light=0.200
			rain_heavy=0.050
			snow=0.000
			blizzard=0.000
			arctic_water=0.000
			mud=1.000
			sandstorm=0.000
			min_snow_level=0.000
		}
		period={
			between={ 0.8 29.8 }
			temperature={ 12.0 22.0 }
			temperature_day_night={ -5.0 5.0 }
			no_phenomenon=0.500
			rain_light=0.200
			rain_heavy=0.050
			snow=0.000
			blizzard=0.000
			arctic_water=0.000
			mud=1.000
			sandstorm=0.000
			min_snow_level=0.000
		}
		period={
			between={ 0.9 30.9 }
			temperature={ 12.0 22.0 }
			temperature_day_night={ -5.0 5.0 }
			no_phenomenon=0.500
			rain_light=0.100
			rain_heavy=0.050
			snow=0.000
			blizzard=0.000
			arctic_water=0.000
			mud=1.000
			sandstorm=0.000
			min_snow_level=0.000
		}
		period={
			between={ 0.10 29.10 }
			temperature={ 10.0 15.0 }
			temperature_day_night={ -5.0 5.0 }
			no_phenomenon=0.600
			rain_light=0.100
			rain_heavy=0.050
			snow=0.000
			blizzard=0.000
			arctic_water=0.000
			mud=1.000
			sandstorm=0.000
			min_snow_level=0.000
		}
		period={
			between={ 0.11 30.11 }
			temperature={ -5.0 0.0 }
			temperature_day_night={ -5.0 5.0 }
			no_phenomenon=0.700
			rain_light=0.100
			rain_heavy=0.050
			snow=0.200
			blizzard=0.000
			arctic_water=0.000
			mud=1.000
			sandstorm=0.000
			min_snow_level=0.000
		}
		
	}
}
