
strategic_region={
	id=60
	name="STRATEGICREGION_60"
	provinces={
		23 34 44 51 80 121 126 162 166 176 177 235 245 248 287 321 335 340 345 352 358 390 408 415 447 449 457 466 472 495 512 517 557 564 565 577 592 633 656 682 711 765 782 810 819 821 824 864 880 881 906 919 928 939 950 1010 1015 1041 1051 1057 1082 1084 1095 1129 1157 1159 1171 1206 1227 1233 1239 1242 1248 1250 1310 1323 1359 1369 1431 1469 1489 1498 1526 1554 1605 1609 1612 1647 1648 1656 1666 1674 1678 1682 1688 1702 1723 1745 1752 1758 1775 1813 1828 1834 1849 1856 1895 1897 1961 1981 2010 2022 2038 2075 2105 2114 2117 2128 2143 2148 2151 2164 2189 2201 2206 2207 2209 2213 2225 2228 2282 2293 2294 2311 2320 2328 2355 2365 2376 2386 2388 2418 2431 2440 2456 2457 2459 2468 2485 2489 2497 2544 2545 2561 2566 2596 2650 2665 2679 2695 2704 2725 2770 2777 2781 2797 2799 2820 2824 2827 2844 2850 2874 2879 2889 2896 2938 3030 3053 3083 3094 3103 3105 3200 3203 3215 3224 3240 3258 3267 3276 3279 3283 3309 3332 3340 3360 3373 3384 3405 3419 3420 3426 3451 3462 3524 3538 3541 3596 3606 3612 3615 3637 3705 3764 3778 3791 3792 3804 3822 3829 3830 3842 3857 3873 3898 3918 3922 3930 3943 3960 4004 4028 4031 4047 4065 4079 4091 4131 4132 4140 4159 4165 4211 4226 4239 4267 4346 4361 4379 4381 4405 4413 4427 4513 4545 4570 4581 4587 4612 4661 4712 4717 4723 4755 4778 4820 4894 4928 4929 4983 5024 5049 5059 5068 5078 5151 5163 5165 5194 5225 5228 5233 5256 5289 5311 5336 5358 5381 5387 5514 5527 5547 5611 5629 5660 5744 5750 5771 5779 5796 5827 5840 5875 5908 5932 5955 5967 5973 5988 6015 6017 6041 6065 6074 6090 6101 6139 6151 6173 6215 6224 6233 6238 6267 6277 6296 6380 6385 6398 6413 6440 6444 6445 6456 6458 6476 6578 6585 6597 6598 6655 6665 6693 6698 6707 6719 6722 6733 6775 6883 6897 6912 6936 6963 6966 7012 7058 7066 7117 7137 7143 7150 7159 7183 7208 7225 7233 7257 7284 7295 7394 7420 7452 7482 7495 7522 7567 7583 7605 7671 7673 7719 7723 7725 7732 7743 7745 7759 7773 7792 7796 7803 7846 7878 7896 7945 7965 7979 8006 8023 8028 8032 8052 8072 8126 8138 8153 8180 8214 8249 8267 8331 8333 8359 8380 8404 8416 8419 8422 8454 8472 8512 8536 8545 8550 8572 8642 8671 8708 8727 8728 8771 8818 8825 8855 8883 8888 8915 8923 8952 8963 8967 8997 9013 9100 9112 9177 9182 9281 9336 9347 9374 9390 9402 9422 9423 9427 9470 9489 9502 9512 9538 9540 9550 9583 9588 9631 9654 9740 9747 9765 9828 9843 9887 9936 9979 10027 10070 10082 10094 10146 10258 10296 10299 10315 10322 10326 10347 10381 10411 10415 10451 10456 10491 10506 10547 10572 10574 10613 10634 10635 10662 10693 10723 10750 10762 10838 10850 10962 10963 10984 11019 11056 11084 11092 11102 11266 11276 11317 11321 11339 11352 11378 11405 11424 11470 11522 11547 12536 12546 12547 12556 12592 12604 12616 12629 12661 12670 12682 12686 12689 12699 12715 12718 12723 12727 12734 12754 12757 12783 12790 12792 12802 12807 12823 12842 12868 12884 12896 12900 12936 12954 12967 12981 12982 12985 12988 12997 13019 13035 13039 13062 13075 13082 13084 13102 13105 13108 13112 13113 13127 13130 13131 13135 13146 13162 13198 13227 13228 13235 13236 13244 13254 13308 13322 13330 13340 13348 13349 13360 13378 13379 13386 13395 13407 13415 13418 13425 13429 13439 13445 13448 13451 13454 13457 13458 13462 13467 13468 13473 13477 13497 13502 13505 13511 13515 13551 13556 13557 13561 13578 13607 13610 13614 13615 13621 13627 13653 13681 13687 13689 13703 13709 13710 13720 13737 13743 13754 13769 13811 13824 13832 13839 13846 13867 13879 13894 13896 13901 13907 13922 13947 13948 13953 13956 13968 13975 13999 14011 14014 14020 14031 14037 14054 14134 14140 14143 14218 14236 14250 14268 14311 14334 14385 14390 14423 14429 14464 14468 14473 14499 14509 14542 14556 14582 14597 14598 14611 14919 17298 17306 17307 17309 17315 17318 
	}
	weather={
		period={
			between={ 0.0 30.0 }
			temperature={ -12.0 3.0 }
			temperature_day_night={ 7.0 -7.0 }
			no_phenomenon=0.250
			rain_light=0.100
			rain_heavy=0.050
			snow=0.400
			blizzard=0.200
			arctic_water=0.000
			mud=1.300
			sandstorm=0.000
			min_snow_level=0.000
		}
		period={
			between={ 0.1 27.1 }
			temperature={ -15.0 3.0 }
			temperature_day_night={ 7.0 -7.0 }
			no_phenomenon=0.300
			rain_light=0.100
			rain_heavy=0.050
			snow=0.400
			blizzard=0.150
			arctic_water=0.000
			mud=1.300
			sandstorm=0.000
			min_snow_level=0.000
		}
		period={
			between={ 0.2 30.2 }
			temperature={ -4.0 5.0 }
			temperature_day_night={ 7.0 -7.0 }
			no_phenomenon=0.400
			rain_light=0.150
			rain_heavy=0.050
			snow=0.300
			blizzard=0.100
			arctic_water=0.000
			mud=1.300
			sandstorm=0.000
			min_snow_level=0.000
		}
		period={
			between={ 0.3 29.3 }
			temperature={ 0.0 16.0 }
			temperature_day_night={ 7.0 -7.0 }
			no_phenomenon=0.500
			rain_light=0.450
			rain_heavy=0.100
			snow=0.150
			blizzard=0.000
			arctic_water=0.000
			mud=1.300
			sandstorm=0.000
			min_snow_level=0.000
		}
		period={
			between={ 0.4 30.4 }
			temperature={ 7.0 19.0 }
			temperature_day_night={ 6.0 -6.0 }
			no_phenomenon=0.500
			rain_light=0.400
			rain_heavy=0.100
			snow=0.000
			blizzard=0.000
			arctic_water=0.000
			mud=1.300
			sandstorm=0.000
			min_snow_level=0.000
		}
		period={
			between={ 0.5 29.5 }
			temperature={ 11.0 22.0 }
			temperature_day_night={ 8.0 -8.0 }
			no_phenomenon=0.500
			rain_light=0.250
			rain_heavy=0.150
			snow=0.000
			blizzard=0.000
			arctic_water=0.000
			mud=1.300
			sandstorm=0.000
			min_snow_level=0.000
		}
		period={
			between={ 0.6 30.6 }
			temperature={ 13.0 24.0 }
			temperature_day_night={ 8.0 -8.0 }
			no_phenomenon=0.500
			rain_light=0.250
			rain_heavy=0.150
			snow=0.000
			blizzard=0.000
			arctic_water=0.000
			mud=1.300
			sandstorm=0.000
			min_snow_level=0.000
		}
		period={
			between={ 0.7 30.7 }
			temperature={ 12.0 23.0 }
			temperature_day_night={ 8.0 -8.0 }
			no_phenomenon=0.500
			rain_light=0.250
			rain_heavy=0.150
			snow=0.000
			blizzard=0.000
			arctic_water=0.000
			mud=1.300
			sandstorm=0.000
			min_snow_level=0.000
		}
		period={
			between={ 0.8 29.8 }
			temperature={ 7.0 17.0 }
			temperature_day_night={ 8.0 -8.0 }
			no_phenomenon=0.500
			rain_light=0.250
			rain_heavy=0.150
			snow=0.000
			blizzard=0.000
			arctic_water=0.000
			mud=1.300
			sandstorm=0.000
			min_snow_level=0.000
		}
		period={
			between={ 0.9 30.9 }
			temperature={ 3.0 10.0 }
			temperature_day_night={ 8.0 -8.0 }
			no_phenomenon=0.450
			rain_light=0.200
			rain_heavy=0.100
			snow=0.150
			blizzard=0.000
			arctic_water=0.000
			mud=1.300
			sandstorm=0.000
			min_snow_level=0.000
		}
		period={
			between={ 0.10 29.10 }
			temperature={ 1.0 5.0 }
			temperature_day_night={ 8.0 -8.0 }
			no_phenomenon=0.350
			rain_light=0.200
			rain_heavy=0.150
			snow=0.200
			blizzard=0.100
			arctic_water=0.000
			mud=1.300
			sandstorm=0.000
			min_snow_level=0.000
		}
		period={
			between={ 0.11 30.11 }
			temperature={ -7.0 -2.0 }
			temperature_day_night={ 8.0 -8.0 }
			no_phenomenon=0.200
			rain_light=0.130
			rain_heavy=0.070
			snow=0.450
			blizzard=0.150
			arctic_water=0.000
			mud=1.300
			sandstorm=0.000
			min_snow_level=0.000
		}
		
	}
}
