
strategic_region={
	id=63
	name="STRATEGICREGION_63"
	provinces={
		1 5 14 52 78 85 91 101 102 108 111 115 139 145 161 174 180 181 185 191 203 213 214 217 227 229 236 290 308 310 312 322 332 347 380 395 402 427 437 478 481 513 520 528 531 545 560 575 579 591 601 629 637 639 646 658 668 720 729 730 771 773 792 795 796 801 811 852 861 870 871 891 901 907 910 915 922 931 943 947 966 981 989 1008 1025 1055 1059 1065 1081 1106 1108 1113 1147 1181 1184 1188 1211 1214 1249 1266 1286 1291 1297 1327 1330 1343 1351 1412 1430 1473 1478 1479 1539 1556 1581 1651 1695 1767 1779 1784 1823 1881 1976 1984 2005 2015 2028 2044 2054 2055 2074 2097 2102 2115 2137 2158 2159 2171 2221 2249 2278 2297 2300 2310 2315 2329 2343 2344 2351 2353 2389 2433 2448 2484 2487 2560 2588 2591 2630 2646 2658 2666 2682 2693 2718 2751 2766 2789 2818 2858 2872 2929 2939 2940 2963 2996 3025 3029 3049 3054 3064 3078 3086 3099 3119 3193 3194 3197 3198 3220 3225 3244 3293 3330 3337 3366 3397 3433 3454 3458 3460 3482 3560 3568 3583 3589 3600 3617 3664 3671 3685 3716 3734 3738 3748 3758 3767 3818 3821 3836 3852 3877 3910 3941 4018 4024 4076 4085 4089 4112 4118 4182 4230 4246 4276 4292 4318 4366 4394 4418 4461 4470 4521 4526 4529 4589 4602 4603 4609 4625 4644 4650 4651 4681 4694 4701 4709 4718 4726 4784 4860 4868 4875 4877 4886 4903 4911 4914 4937 4946 4964 5022 5090 5099 5109 5110 5191 5196 5219 5262 5292 5397 5433 5460 5472 5477 5494 5503 5538 5596 5624 5667 5726 5734 5735 5829 5867 5879 5934 5950 5958 5960 5972 5991 6035 6077 6153 6200 6231 6274 6297 6301 6307 6320 6349 6381 6423 6460 6478 6482 6609 6624 6660 6738 6741 6759 6785 6842 6878 6887 6900 6905 6916 7001 7042 7081 7090 7125 7135 7146 7218 7305 7316 7358 7363 7393 7441 7447 7509 7526 7531 7533 7584 7747 7769 7806 7851 7875 7882 7908 7929 8016 8076 8081 8186 8192 8220 8227 8237 8268 8303 8348 8372 8373 8407 8507 8533 8553 8636 8655 8661 8665 8712 8748 8758 8810 8817 8950 9005 9008 9042 9048 9065 9071 9082 9232 9256 9311 9362 9379 9465 9501 9566 9603 9624 9656 9682 9721 9729 9738 9847 9861 9916 9929 9939 10011 10051 10054 10078 10123 10150 10183 10252 10253 10379 10388 10398 10404 10410 10439 10515 10618 10633 10655 10708 10763 10880 10905 10932 10966 11074 11082 11114 11116 11145 11159 11202 11216 11291 11328 11358 11391 11400 11451 11452 11540 11567 11587 16660 16662 16667 16668 16670 16673 16677 16682 16684 16686 16687 16688 16689 16692 16694 16695 16699 16709 16712 16713 16715 16722 16723 16725 16728 16729 16731 16736 16737 16747 16749 16750 16751 16753 16759 16768 16774 16779 16780 16787 16788 16789 16796 16802 16808 16813 16821 16826 16827 16831 16841 16855 16858 16863 16868 16871 16877 16883 16892 16894 16896 16897 16898 16905 16908 16914 16938 16942 16955 16970 16972 16979 16981 16984 16989 16994 16999 17000 17001 17003 17005 17021 17023 17027 17032 17038 17039 17040 17050 17052 17055 17060 17073 17078 17080 17085 17086 17087 17090 17103 17109 17113 17117 17121 17126 17127 17134 17137 17144 17150 17151 17156 17160 17167 17405 17412 17413 17415 17416 17417 17418 
	}
	weather={
		period={
			between={ 0.0 30.0 }
			temperature={ 5.0 30.0 }
			temperature_day_night={ -2.0 2.0 }
			no_phenomenon=0.500
			rain_light=0.400
			rain_heavy=0.300
			snow=0.000
			blizzard=0.000
			arctic_water=0.000
			mud=1.000
			sandstorm=0.000
			min_snow_level=0.000
		}
		period={
			between={ 0.1 27.1 }
			temperature={ 5.0 30.0 }
			temperature_day_night={ -2.0 2.0 }
			no_phenomenon=0.500
			rain_light=0.400
			rain_heavy=0.300
			snow=0.000
			blizzard=0.000
			arctic_water=0.000
			mud=1.000
			sandstorm=0.000
			min_snow_level=0.000
		}
		period={
			between={ 0.2 30.2 }
			temperature={ 5.0 30.0 }
			temperature_day_night={ -2.0 2.0 }
			no_phenomenon=0.500
			rain_light=0.400
			rain_heavy=0.300
			snow=0.000
			blizzard=0.000
			arctic_water=0.000
			mud=1.000
			sandstorm=0.000
			min_snow_level=0.000
		}
		period={
			between={ 0.3 29.3 }
			temperature={ 5.0 30.0 }
			temperature_day_night={ -2.0 2.0 }
			no_phenomenon=0.500
			rain_light=0.400
			rain_heavy=0.300
			snow=0.000
			blizzard=0.000
			arctic_water=0.000
			mud=1.000
			sandstorm=0.000
			min_snow_level=0.000
		}
		period={
			between={ 0.4 30.4 }
			temperature={ 5.0 30.0 }
			temperature_day_night={ -2.0 2.0 }
			no_phenomenon=0.500
			rain_light=0.400
			rain_heavy=0.300
			snow=0.000
			blizzard=0.000
			arctic_water=0.000
			mud=1.000
			sandstorm=0.000
			min_snow_level=0.000
		}
		period={
			between={ 0.5 29.5 }
			temperature={ 5.0 30.0 }
			temperature_day_night={ -2.0 2.0 }
			no_phenomenon=0.500
			rain_light=0.400
			rain_heavy=0.300
			snow=0.000
			blizzard=0.000
			arctic_water=0.000
			mud=1.000
			sandstorm=0.000
			min_snow_level=0.000
		}
		period={
			between={ 0.6 30.6 }
			temperature={ 5.0 30.0 }
			temperature_day_night={ -2.0 2.0 }
			no_phenomenon=0.500
			rain_light=0.400
			rain_heavy=0.300
			snow=0.000
			blizzard=0.000
			arctic_water=0.000
			mud=1.000
			sandstorm=0.000
			min_snow_level=0.000
		}
		period={
			between={ 0.7 30.7 }
			temperature={ 5.0 30.0 }
			temperature_day_night={ -2.0 2.0 }
			no_phenomenon=0.500
			rain_light=0.400
			rain_heavy=0.300
			snow=0.000
			blizzard=0.000
			arctic_water=0.000
			mud=1.000
			sandstorm=0.000
			min_snow_level=0.000
		}
		period={
			between={ 0.8 29.8 }
			temperature={ 5.0 30.0 }
			temperature_day_night={ -2.0 2.0 }
			no_phenomenon=0.500
			rain_light=0.400
			rain_heavy=0.300
			snow=0.000
			blizzard=0.000
			arctic_water=0.000
			mud=1.000
			sandstorm=0.000
			min_snow_level=0.000
		}
		period={
			between={ 0.9 30.9 }
			temperature={ 5.0 30.0 }
			temperature_day_night={ -2.0 2.0 }
			no_phenomenon=0.500
			rain_light=0.400
			rain_heavy=0.300
			snow=0.000
			blizzard=0.000
			arctic_water=0.000
			mud=1.000
			sandstorm=0.000
			min_snow_level=0.000
		}
		period={
			between={ 0.10 29.10 }
			temperature={ 5.0 30.0 }
			temperature_day_night={ -2.0 2.0 }
			no_phenomenon=0.500
			rain_light=0.400
			rain_heavy=0.300
			snow=0.000
			blizzard=0.000
			arctic_water=0.000
			mud=1.000
			sandstorm=0.000
			min_snow_level=0.000
		}
		period={
			between={ 0.11 30.11 }
			temperature={ 5.0 30.0 }
			temperature_day_night={ -2.0 2.0 }
			no_phenomenon=0.500
			rain_light=0.400
			rain_heavy=0.300
			snow=0.000
			blizzard=0.000
			arctic_water=0.000
			mud=1.000
			sandstorm=0.000
			min_snow_level=0.000
		}
		
	}
}
