
strategic_region={
	id=66
	name="STRATEGICREGION_66"
	provinces={
		19 56 74 81 84 132 165 175 188 224 230 239 266 279 317 323 396 405 410 431 453 516 538 551 562 586 610 659 663 666 723 760 784 787 793 846 879 882 884 885 913 930 936 941 955 973 990 996 1032 1044 1048 1052 1066 1092 1112 1132 1133 1152 1170 1231 1243 1267 1301 1356 1361 1364 1403 1410 1462 1463 1524 1528 1575 1628 1630 1640 1649 1667 1680 1696 1716 1741 1753 1761 1770 1786 1788 1829 1927 1932 1964 1987 2007 2059 2095 2112 2131 2144 2157 2177 2178 2186 2216 2235 2238 2308 2340 2346 2356 2399 2453 2483 2503 2527 2547 2568 2594 2615 2671 2681 2711 2737 2746 2756 2768 2782 2784 2801 2821 2840 2846 2862 2867 2887 2899 2950 2994 3004 3036 3055 3067 3104 3122 3182 3204 3264 3379 3390 3485 3491 3540 3548 3559 3619 3643 3644 3657 3667 3711 3726 3752 3779 3785 3793 3833 3848 3864 3866 3884 3885 3970 3980 3996 4019 4021 4030 4069 4086 4101 4114 4125 4127 4134 4138 4154 4170 4172 4191 4196 4204 4237 4277 4279 4337 4348 4357 4358 4365 4377 4390 4423 4439 4440 4458 4467 4508 4518 4534 4543 4606 4610 4642 4673 4715 4739 4749 4763 4775 4776 4780 4796 4804 4807 4813 4830 4834 4884 4897 4902 4945 4952 4958 4981 5000 5019 5041 5047 5048 5060 5073 5074 5096 5155 5164 5175 5183 5195 5236 5247 5294 5295 5312 5317 5380 5383 5419 5428 5430 5435 5438 5469 5475 5529 5556 5568 5576 5598 5621 5638 5640 5669 5677 5694 5724 5731 5737 5739 5775 5805 5807 5831 5862 5917 5935 5984 5999 6011 6023 6052 6060 6062 6079 6091 6103 6118 6137 6184 6203 6259 6263 6305 6321 6340 6356 6363 6438 6439 6441 6487 6509 6527 6530 6553 6567 6634 6646 6651 6659 6670 6692 6709 6717 6721 6728 6792 6800 6802 6901 6933 6950 6996 7023 7029 7050 7065 7097 7119 7121 7134 7195 7196 7197 7309 7379 7416 7464 7479 7536 7550 7568 7577 7616 7621 7688 7721 7729 7738 7744 7764 7782 7805 7808 7825 7869 7899 7910 7911 7955 7972 8000 8004 8020 8088 8110 8119 8140 8142 8219 8223 8272 8304 8310 8317 8337 8446 8456 8470 8494 8554 8594 8602 8673 8715 8803 8840 8848 8866 8887 8890 8922 8968 8995 9015 9049 9126 9137 9166 9174 9264 9274 9283 9312 9339 9364 9431 9447 9453 9460 9462 9482 9521 9532 9544 9549 9573 9586 9607 9647 9669 9674 9690 9796 9848 9852 9875 9900 9957 9982 10031 10035 10059 10103 10136 10139 10151 10174 10196 10281 10294 10312 10390 10400 10524 10529 10561 10591 10620 10638 10647 10690 10739 10794 10798 10801 10856 10858 10861 10869 10875 10922 10926 10945 10967 10969 11020 11053 11131 11133 11215 11279 11300 11309 11341 11396 11415 11444 11454 11472 11480 11483 11514 11532 11552 11553 11589 11599 11653 11664 11674 11689 11694 11709 11715 11716 11718 11744 11746 11747 11751 11764 11771 11778 11781 11782 11787 11788 11793 11797 11807 11810 11832 11839 11843 11849 11851 11858 11868 11872 11878 11885 11891 11903 11905 11909 11913 11914 11925 11933 11937 11938 11946 11952 11955 11957 11962 11963 11966 11969 11979 11985 11995 12003 12008 12009 12015 12023 12027 12034 12041 12048 12052 12053 12054 12058 12059 12063 12064 12067 12073 12080 12084 12085 12088 12090 12094 12096 12100 12101 12105 12106 12107 12125 12128 12133 12137 12142 12147 12165 12168 12179 12187 12188 12194 12195 12201 12216 12226 12229 12233 12238 12246 12252 12261 12268 12269 12277 12289 12291 12315 12321 12327 12333 12337 12342 12343 12346 12351 12352 12356 12361 12364 12365 12374 12377 12378 12379 12380 12389 12390 12392 12393 12397 12398 12405 12418 12421 12424 12426 12430 12431 12432 12433 12438 12440 12446 12447 12450 12452 12453 12463 12464 12469 12473 12474 12479 12481 12487 12488 12492 12497 12503 12504 12507 12508 12510 12513 12515 12516 12522 12524 12526 12527 12532 12541 12542 12543 12566 12572 12580 12591 12601 12613 12620 12622 12639 12643 12649 12667 12677 12692 12732 12733 12749 12765 12768 17173 17184 19282 
	}
	weather={
		period={
			between={ 0.0 30.0 }
			temperature={ -17.0 -10.0 }
			temperature_day_night={ 12.0 -12.0 }
			no_phenomenon=0.250
			rain_light=0.000
			rain_heavy=0.000
			snow=0.300
			blizzard=0.150
			arctic_water=0.000
			mud=0.300
			sandstorm=0.000
			min_snow_level=0.100
		}
		period={
			between={ 0.1 27.1 }
			temperature={ -19.0 -12.0 }
			temperature_day_night={ 12.0 -12.0 }
			no_phenomenon=0.250
			rain_light=0.000
			rain_heavy=0.000
			snow=0.400
			blizzard=0.200
			arctic_water=0.000
			mud=0.300
			sandstorm=0.000
			min_snow_level=0.100
		}
		period={
			between={ 0.2 30.2 }
			temperature={ -15.0 -5.0 }
			temperature_day_night={ 10.0 -10.0 }
			no_phenomenon=0.300
			rain_light=0.000
			rain_heavy=0.000
			snow=0.300
			blizzard=0.100
			arctic_water=0.000
			mud=0.300
			sandstorm=0.000
			min_snow_level=0.000
		}
		period={
			between={ 0.3 29.3 }
			temperature={ -5.0 8.0 }
			temperature_day_night={ 10.0 -10.0 }
			no_phenomenon=0.500
			rain_light=0.120
			rain_heavy=0.060
			snow=0.030
			blizzard=0.000
			arctic_water=0.000
			mud=0.300
			sandstorm=0.000
			min_snow_level=0.000
		}
		period={
			between={ 0.4 30.4 }
			temperature={ 6.0 18.0 }
			temperature_day_night={ 10.0 -10.0 }
			no_phenomenon=0.400
			rain_light=0.150
			rain_heavy=0.050
			snow=0.000
			blizzard=0.000
			arctic_water=0.000
			mud=0.300
			sandstorm=0.000
			min_snow_level=0.000
		}
		period={
			between={ 0.5 29.5 }
			temperature={ 6.0 16.0 }
			temperature_day_night={ 10.0 -10.0 }
			no_phenomenon=0.400
			rain_light=0.150
			rain_heavy=0.050
			snow=0.000
			blizzard=0.000
			arctic_water=0.000
			mud=0.300
			sandstorm=0.000
			min_snow_level=0.000
		}
		period={
			between={ 0.6 30.6 }
			temperature={ 13.0 23.0 }
			temperature_day_night={ 10.0 -10.0 }
			no_phenomenon=0.500
			rain_light=0.150
			rain_heavy=0.050
			snow=0.000
			blizzard=0.000
			arctic_water=0.000
			mud=0.300
			sandstorm=0.000
			min_snow_level=0.000
		}
		period={
			between={ 0.7 30.7 }
			temperature={ 7.0 13.0 }
			temperature_day_night={ 10.0 -10.0 }
			no_phenomenon=0.500
			rain_light=0.200
			rain_heavy=0.050
			snow=0.000
			blizzard=0.000
			arctic_water=0.000
			mud=0.300
			sandstorm=0.000
			min_snow_level=0.000
		}
		period={
			between={ 0.8 29.8 }
			temperature={ 7.0 16.0 }
			temperature_day_night={ 10.0 -10.0 }
			no_phenomenon=0.500
			rain_light=0.250
			rain_heavy=0.070
			snow=0.000
			blizzard=0.000
			arctic_water=0.000
			mud=0.300
			sandstorm=0.000
			min_snow_level=0.000
		}
		period={
			between={ 0.9 30.9 }
			temperature={ 3.0 8.0 }
			temperature_day_night={ 10.0 -10.0 }
			no_phenomenon=0.500
			rain_light=0.150
			rain_heavy=0.050
			snow=0.200
			blizzard=0.000
			arctic_water=0.000
			mud=0.300
			sandstorm=0.000
			min_snow_level=0.000
		}
		period={
			between={ 0.10 29.10 }
			temperature={ -12.0 -2.0 }
			temperature_day_night={ 10.0 -10.0 }
			no_phenomenon=0.350
			rain_light=0.180
			rain_heavy=0.050
			snow=0.400
			blizzard=0.200
			arctic_water=0.000
			mud=0.300
			sandstorm=0.000
			min_snow_level=0.000
		}
		period={
			between={ 0.11 30.11 }
			temperature={ -12.0 -5.0 }
			temperature_day_night={ 10.0 -10.0 }
			no_phenomenon=0.250
			rain_light=0.000
			rain_heavy=0.000
			snow=0.600
			blizzard=0.250
			arctic_water=0.000
			mud=0.300
			sandstorm=0.000
			min_snow_level=0.100
		}
		
	}
}
