
strategic_region={
	id=70
	name="STRATEGICREGION_70"
	provinces={
		17 35 103 112 119 187 199 204 208 215 284 291 295 296 300 303 313 341 365 372 382 394 400 428 456 474 483 502 503 514 521 578 583 588 597 625 631 632 664 691 705 725 743 747 751 769 776 799 800 803 815 818 822 823 831 842 854 866 878 886 905 923 924 953 1014 1045 1046 1074 1100 1103 1111 1125 1142 1150 1156 1160 1164 1215 1218 1229 1236 1251 1268 1274 1278 1288 1303 1326 1354 1381 1401 1402 1405 1408 1416 1423 1441 1456 1477 1480 1483 1521 1523 1532 1537 1545 1577 1589 1606 1631 1646 1717 1721 1733 1737 1748 1759 1768 1769 1798 1803 1809 1822 1837 1869 1945 1952 1980 1988 2001 2018 2023 2027 2029 2043 2048 2052 2056 2068 2088 2090 2094 2098 2106 2134 2150 2155 2175 2222 2269 2330 2378 2392 2428 2464 2504 2535 2575 2603 2640 2641 2689 2743 2753 2779 2807 2825 2829 2888 2895 2906 2943 2971 2979 2990 3014 3027 3028 3033 3041 3043 3091 3096 3131 3132 3143 3158 3174 3180 3237 3256 3259 3263 3291 3305 3321 3334 3358 3386 3391 3399 3400 3436 3443 3503 3531 3533 3534 3535 3571 3577 3582 3616 3626 3627 3635 3640 3646 3665 3669 3678 3681 3699 3735 3741 3753 3769 3780 3846 3859 3861 3870 3880 3932 3949 3978 4015 4017 4043 4051 4057 4058 4075 4087 4094 4128 4145 4155 4174 4203 4256 4263 4307 4332 4339 4355 4426 4431 4437 4448 4468 4493 4515 4555 4564 4578 4601 4626 4666 4671 4677 4678 4733 4747 4768 4777 4792 4818 4916 4919 4922 4933 4992 4996 5012 5016 5026 5062 5085 5107 5115 5244 5319 5357 5365 5404 5431 5441 5459 5485 5487 5502 5506 5549 5562 5567 5626 5683 5696 5808 5813 5835 5866 5893 5924 5925 5941 5977 5992 6050 6073 6096 6171 6187 6204 6228 6244 6246 6260 6264 6295 6300 6386 6388 6401 6403 6404 6409 6446 6451 6467 6471 6534 6636 6669 6724 6799 6856 6865 6934 6953 6960 6989 7064 7110 7140 7155 7191 7200 7201 7260 7264 7318 7426 7427 7442 7484 7552 7573 7670 7703 7711 7785 7826 7857 7858 7915 7924 7983 8031 8121 8233 8236 8243 8261 8286 8301 8391 8411 8418 8496 8525 8552 8557 8625 8660 8674 8702 8710 8724 8761 8770 8774 8792 8804 8864 8895 8962 9021 9054 9078 9108 9155 9190 9197 9229 9306 9310 9315 9317 9335 9340 9368 9392 9401 9445 9491 9527 9543 9559 9611 9704 9725 9757 9784 9805 9851 9879 9953 9977 9985 10003 10036 10044 10087 10091 10101 10127 10178 10223 10246 10269 10308 10446 10490 10562 10567 10664 10672 10727 10764 10836 10892 10921 11028 11132 11203 11233 11251 11277 11329 11577 11613 11654 11655 11656 11657 11658 11659 11660 11665 11673 11680 11682 11692 11693 11711 11721 11723 11724 11730 11732 11737 11740 11754 11757 11767 11768 11770 11776 11777 11783 11791 11802 11808 11813 11820 11822 11828 11835 11840 11844 11846 11853 11860 11876 11882 11910 11923 11934 11944 11971 11982 11986 11991 11997 12016 12024 12036 12043 12045 12049 12055 12062 12070 12078 12086 12104 12111 12116 12118 12119 12121 12122 12141 12145 12167 12171 12172 12181 12186 12202 12208 12211 12214 12215 12235 12237 12245 12247 12249 12258 12260 12262 12266 12278 12284 12285 12292 12294 12301 12304 12310 12316 12318 12324 12326 12328 12340 12353 12358 12367 12368 12370 12381 12382 12385 12395 12412 12425 12428 12434 12436 12455 12465 12493 12551 12645 12648 
	}
	weather={
		period={
			between={ 0.0 30.0 }
			temperature={ -10.0 35.0 }
			temperature_day_night={ 2.0 -2.0 }
			no_phenomenon=1.500
			rain_light=0.250
			rain_heavy=0.100
			snow=0.000
			blizzard=0.000
			arctic_water=0.000
			mud=0.000
			sandstorm=0.000
			min_snow_level=0.000
		}
		period={
			between={ 0.1 27.1 }
			temperature={ -29.0 -12.0 }
			temperature_day_night={ 12.0 -12.0 }
			no_phenomenon=0.250
			rain_light=0.000
			rain_heavy=0.000
			snow=0.600
			blizzard=0.200
			arctic_water=0.000
			mud=1.000
			sandstorm=0.000
			min_snow_level=0.100
		}
		period={
			between={ 0.2 30.2 }
			temperature={ -15.0 -5.0 }
			temperature_day_night={ 10.0 -10.0 }
			no_phenomenon=0.300
			rain_light=0.000
			rain_heavy=0.000
			snow=0.700
			blizzard=0.300
			arctic_water=0.000
			mud=1.000
			sandstorm=0.000
			min_snow_level=0.000
		}
		period={
			between={ 0.3 29.3 }
			temperature={ -5.0 8.0 }
			temperature_day_night={ 10.0 -10.0 }
			no_phenomenon=0.500
			rain_light=0.120
			rain_heavy=0.060
			snow=0.030
			blizzard=0.000
			arctic_water=0.000
			mud=1.000
			sandstorm=0.000
			min_snow_level=0.000
		}
		period={
			between={ 0.4 30.4 }
			temperature={ 0.0 15.0 }
			temperature_day_night={ 10.0 -10.0 }
			no_phenomenon=0.400
			rain_light=0.150
			rain_heavy=0.050
			snow=0.000
			blizzard=0.000
			arctic_water=0.000
			mud=1.000
			sandstorm=0.000
			min_snow_level=0.000
		}
		period={
			between={ 0.5 29.5 }
			temperature={ 6.0 16.0 }
			temperature_day_night={ 10.0 -10.0 }
			no_phenomenon=0.400
			rain_light=0.150
			rain_heavy=0.050
			snow=0.000
			blizzard=0.000
			arctic_water=0.000
			mud=1.000
			sandstorm=0.000
			min_snow_level=0.000
		}
		period={
			between={ 0.6 30.6 }
			temperature={ 10.0 17.0 }
			temperature_day_night={ 10.0 -10.0 }
			no_phenomenon=0.500
			rain_light=0.150
			rain_heavy=0.050
			snow=0.000
			blizzard=0.000
			arctic_water=0.000
			mud=1.000
			sandstorm=0.000
			min_snow_level=0.000
		}
		period={
			between={ 0.7 30.7 }
			temperature={ 7.0 13.0 }
			temperature_day_night={ 10.0 -10.0 }
			no_phenomenon=0.500
			rain_light=0.200
			rain_heavy=0.050
			snow=0.000
			blizzard=0.000
			arctic_water=0.000
			mud=1.000
			sandstorm=0.000
			min_snow_level=0.000
		}
		period={
			between={ 0.8 29.8 }
			temperature={ 7.0 16.0 }
			temperature_day_night={ 10.0 -10.0 }
			no_phenomenon=0.500
			rain_light=0.250
			rain_heavy=0.070
			snow=0.300
			blizzard=0.000
			arctic_water=0.000
			mud=1.000
			sandstorm=0.000
			min_snow_level=0.000
		}
		period={
			between={ 0.9 30.9 }
			temperature={ -10.0 8.0 }
			temperature_day_night={ 10.0 -10.0 }
			no_phenomenon=0.500
			rain_light=0.150
			rain_heavy=0.050
			snow=0.500
			blizzard=0.000
			arctic_water=0.000
			mud=1.000
			sandstorm=0.000
			min_snow_level=0.000
		}
		period={
			between={ 0.10 29.10 }
			temperature={ -20.0 -12.0 }
			temperature_day_night={ 10.0 -10.0 }
			no_phenomenon=0.350
			rain_light=0.180
			rain_heavy=0.050
			snow=0.700
			blizzard=0.200
			arctic_water=0.000
			mud=1.000
			sandstorm=0.000
			min_snow_level=0.000
		}
		period={
			between={ 0.11 30.11 }
			temperature={ -28.0 -12.0 }
			temperature_day_night={ 10.0 -10.0 }
			no_phenomenon=0.250
			rain_light=0.000
			rain_heavy=0.000
			snow=0.800
			blizzard=0.250
			arctic_water=0.000
			mud=1.000
			sandstorm=0.000
			min_snow_level=0.100
		}
		period={
			between={ 4.11 21.11 }
			temperature={ 7.0 -7.0 }
			temperature_day_night={ 12.0 -12.0 }
			no_phenomenon=0.250
			rain_light=0.000
			rain_heavy=0.000
			snow=0.600
			blizzard=0.350
			arctic_water=0.000
			mud=1.000
			sandstorm=0.000
			min_snow_level=0.100
		}
	}
}
