
strategic_region={
	id=72
	name="STRATEGICREGION_72"
	provinces={
		21 24 25 33 37 39 45 50 54 69 71 72 75 79 94 113 154 157 172 192 198 231 252 258 273 292 301 360 361 373 385 391 398 422 430 434 452 476 489 496 498 500 510 518 524 534 552 554 572 574 611 617 626 627 648 669 684 685 695 727 750 756 758 761 762 763 764 779 788 789 806 817 856 894 912 951 980 984 986 988 997 1001 1005 1011 1013 1087 1114 1117 1148 1178 1189 1191 1195 1204 1225 1265 1290 1309 1334 1360 1366 1376 1400 1415 1438 1442 1454 1458 1466 1508 1510 1515 1522 1538 1557 1569 1585 1587 1590 1594 1607 1618 1635 1641 1642 1644 1672 1676 1677 1690 1732 1747 1787 1792 1818 1819 1821 1839 1846 1855 1858 1862 1884 1885 1902 1999 2002 2012 2035 2046 2053 2084 2086 2108 2116 2130 2135 2136 2139 2154 2166 2170 2180 2196 2202 2245 2256 2267 2288 2296 2336 2359 2363 2395 2398 2400 2420 2423 2444 2447 2454 2460 2463 2469 2472 2495 2505 2506 2507 2514 2517 2521 2528 2531 2543 2546 2555 2572 2573 2584 2610 2618 2628 2637 2657 2664 2713 2716 2722 2724 2749 2759 2762 2763 2771 2783 2803 2814 2828 2843 2870 2873 2956 2982 2988 3020 3063 3100 3137 3141 3146 3149 3153 3179 3188 3191 3199 3241 3252 3307 3308 3319 3326 3354 3402 3404 3417 3418 3421 3438 3467 3483 3501 3509 3539 3567 3605 3649 3654 3658 3668 3690 3691 3698 3700 3710 3871 3891 3895 3897 3901 3920 3977 4003 4011 4052 4061 4080 4092 4113 4126 4187 4198 4208 4233 4236 4241 4248 4250 4257 4270 4274 4283 4320 4327 4374 4453 4502 4577 4599 4623 4649 4748 4800 4805 4837 4842 4883 4930 4951 4953 4956 5028 5042 5057 5094 5095 5104 5131 5132 5137 5162 5176 5214 5235 5320 5323 5325 5373 5378 5393 5409 5416 5457 5471 5504 5523 5531 5553 5607 5654 5704 5705 5719 5785 5798 5818 5834 5860 5880 5882 5901 5905 5911 5912 5921 5966 5975 6005 6008 6013 6046 6063 6102 6138 6179 6226 6258 6272 6283 6288 6337 6355 6405 6408 6462 6493 6496 6524 6538 6574 6601 6632 6658 6673 6699 6703 6715 6754 6755 6778 6796 6815 6829 6857 6867 6891 6964 6970 7073 7142 7175 7216 7220 7234 7288 7313 7374 7409 7413 7418 7465 7529 7592 7602 7613 7615 7651 7654 7755 7757 7790 7830 7837 7842 7850 7871 7888 7932 7961 7995 7997 8001 8025 8063 8069 8086 8101 8120 8128 8189 8212 8287 8297 8460 8508 8610 8612 8650 8672 8773 8777 8780 8785 8788 8794 8843 8877 8878 8953 8969 9000 9037 9046 9075 9142 9183 9191 9193 9252 9263 9266 9270 9290 9297 9302 9329 9355 9366 9370 9404 9408 9432 9518 9554 9597 9636 9670 9722 9733 9746 9771 9781 9833 9838 9883 9893 9906 9922 9926 9932 9938 9989 9991 10007 10056 10073 10098 10176 10237 10244 10264 10283 10288 10293 10298 10337 10348 10392 10399 10405 10412 10469 10498 10500 10553 10579 10644 10682 10706 10721 10738 10746 10804 10917 10928 10960 11000 11048 11070 11091 11106 11141 11152 11171 11187 11242 11263 11280 11302 11327 11367 11407 11475 11519 11531 11548 11560 11563 11606 11614 16790 16815 16816 16818 16822 16823 16829 16830 16835 16838 16843 16847 16848 16853 16856 16859 16872 16876 16884 16889 16891 16899 16900 16903 16904 16916 16917 16922 16925 16926 16929 16933 16935 16947 16948 16951 16956 16957 16959 16960 16961 16962 16963 16964 16965 16967 16971 16973 16977 16978 16982 16985 16990 16991 16993 16995 16996 16998 17004 17007 17008 17009 17010 17011 17015 17016 17017 17020 17022 17024 17025 17028 17029 17031 17034 17041 17042 17045 17047 17048 17051 17056 17057 17061 17062 17063 17064 17065 17067 17070 17071 17074 17075 17077 17079 17082 17083 17088 17092 17093 17094 17095 17096 17097 17098 17099 17101 17104 17106 17107 17108 17110 17111 17112 17114 17116 17119 17120 17122 17123 17124 17125 17128 17129 17130 17131 17132 17133 17135 17139 17140 17141 17142 17143 17145 17147 17149 17153 17154 17155 17157 17161 17163 17164 17166 17168 17169 17170 
	}
	weather={
		period={
			between={ 0.0 30.0 }
			temperature={ 20.0 35.0 }
			temperature_day_night={ -35.0 2.0 }
			no_phenomenon=0.600
			rain_light=0.000
			rain_heavy=0.000
			snow=0.000
			blizzard=0.000
			arctic_water=0.000
			mud=1.000
			sandstorm=0.200
			min_snow_level=0.000
		}
		period={
			between={ 0.1 27.1 }
			temperature={ 20.0 35.0 }
			temperature_day_night={ -35.0 2.0 }
			no_phenomenon=0.600
			rain_light=0.000
			rain_heavy=0.000
			snow=0.000
			blizzard=0.000
			arctic_water=0.000
			mud=1.000
			sandstorm=0.200
			min_snow_level=0.000
		}
		period={
			between={ 0.2 30.2 }
			temperature={ 20.0 35.0 }
			temperature_day_night={ -35.0 2.0 }
			no_phenomenon=0.600
			rain_light=0.000
			rain_heavy=0.000
			snow=0.000
			blizzard=0.000
			arctic_water=0.000
			mud=1.000
			sandstorm=0.200
			min_snow_level=0.000
		}
		period={
			between={ 0.3 29.3 }
			temperature={ 20.0 35.0 }
			temperature_day_night={ -35.0 2.0 }
			no_phenomenon=0.600
			rain_light=0.000
			rain_heavy=0.000
			snow=0.000
			blizzard=0.000
			arctic_water=0.000
			mud=1.000
			sandstorm=0.200
			min_snow_level=0.000
		}
		period={
			between={ 0.4 30.4 }
			temperature={ 20.0 35.0 }
			temperature_day_night={ -35.0 2.0 }
			no_phenomenon=0.600
			rain_light=0.000
			rain_heavy=0.000
			snow=0.000
			blizzard=0.000
			arctic_water=0.000
			mud=1.000
			sandstorm=0.200
			min_snow_level=0.000
		}
		period={
			between={ 0.5 29.5 }
			temperature={ 20.0 35.0 }
			temperature_day_night={ -35.0 2.0 }
			no_phenomenon=0.600
			rain_light=0.000
			rain_heavy=0.000
			snow=0.000
			blizzard=0.000
			arctic_water=0.000
			mud=1.000
			sandstorm=0.200
			min_snow_level=0.000
		}
		period={
			between={ 0.6 30.6 }
			temperature={ 20.0 35.0 }
			temperature_day_night={ -35.0 2.0 }
			no_phenomenon=0.600
			rain_light=0.000
			rain_heavy=0.000
			snow=0.000
			blizzard=0.000
			arctic_water=0.000
			mud=1.000
			sandstorm=0.200
			min_snow_level=0.000
		}
		period={
			between={ 0.7 30.7 }
			temperature={ 20.0 35.0 }
			temperature_day_night={ -35.0 2.0 }
			no_phenomenon=0.600
			rain_light=0.000
			rain_heavy=0.000
			snow=0.000
			blizzard=0.000
			arctic_water=0.000
			mud=1.000
			sandstorm=0.200
			min_snow_level=0.000
		}
		period={
			between={ 0.8 29.8 }
			temperature={ 20.0 35.0 }
			temperature_day_night={ -35.0 2.0 }
			no_phenomenon=0.600
			rain_light=0.000
			rain_heavy=0.000
			snow=0.000
			blizzard=0.000
			arctic_water=0.000
			mud=1.000
			sandstorm=0.200
			min_snow_level=0.000
		}
		period={
			between={ 0.9 30.9 }
			temperature={ 20.0 35.0 }
			temperature_day_night={ -35.0 2.0 }
			no_phenomenon=0.600
			rain_light=0.000
			rain_heavy=0.000
			snow=0.000
			blizzard=0.000
			arctic_water=0.000
			mud=1.000
			sandstorm=0.200
			min_snow_level=0.000
		}
		period={
			between={ 0.10 29.10 }
			temperature={ 20.0 35.0 }
			temperature_day_night={ -35.0 2.0 }
			no_phenomenon=0.600
			rain_light=0.000
			rain_heavy=0.000
			snow=0.000
			blizzard=0.000
			arctic_water=0.000
			mud=1.000
			sandstorm=0.200
			min_snow_level=0.000
		}
		period={
			between={ 0.11 30.11 }
			temperature={ 20.0 35.0 }
			temperature_day_night={ -35.0 2.0 }
			no_phenomenon=0.600
			rain_light=0.000
			rain_heavy=0.000
			snow=0.000
			blizzard=0.000
			arctic_water=0.000
			mud=1.000
			sandstorm=0.200
			min_snow_level=0.000
		}
		
	}
}
