state={
	id=125
	name="STATE_125"
	provinces={
		205 546 726 734 893 1000 1543 2030 2252 2335 2688 2740 2831 2954 3170 3189 3192 3719 3736 3740 3900 3921 4213 4443 4444 5234 5627 5653 5933 5940 6245 6570 6697 6821 7162 7392 7957 8103 8363 8390 8876 9036 9038 9061 9371 9772 9840 9912 11283 11608 11634 16791 16803 16806 16825 16832 16836 16849 16860 16864 16867 16869 16870 16895 16906 16909 16932 16934 16949 16958 17002 17036 17043 17059 17068 17410 17411 
	}
	manpower=427824
	buildings_max_level_factor=1.000
	state_category = pastoral
	history={
		owner = FRA
		add_core_of = TUN
		buildings = {
			infrastructure = 3

		}
	}
}
