
state={
	id=127
	name="STATE_127"
	resources={
		steel=17.000
		chromium=14.000
	}

	history={
		owner = SOV
		add_core_of = SOV
		buildings = {
			infrastructure = 2
			air_base = 2

		}

	}

	provinces={
		9 13 124 316 374 848 1319 1371 1525 1613 1851 1872 1939 2006 2087 2242 2522 2687 2948 3005 3090 3253 3370 3796 3883 3916 4077 4253 4300 4406 4580 5031 5045 5678 5721 5850 5870 5876 5889 5949 5981 6241 6298 6517 6711 6760 7051 7168 7256 7272 7294 7433 7874 8210 8255 8327 8386 8395 8707 8738 8754 8830 8917 8928 8931 9244 9250 9651 9686 9699 9799 10187 10389 10521 10578 10657 10714 10758 10821 10994 11147 11169 11262 11273 11374 11430 11488 11554 11650 11651 11652 11669 11671 11672 11676 11679 11681 11688 11696 11697 11699 11701 11703 11706 11707 11708 11720 11729 11735 11736 11739 11745 11750 11753 11758 11759 11762 11769 11774 11775 11784 11786 11790 11815 11821 11837 19232 19234 
	}
	manpower=275751
	buildings_max_level_factor=1.000
	state_category=rural
}
