
state={
	id=138
	name="STATE_138"
	provinces={
		21 24 39 50 69 71 75 79 94 113 154 172 192 258 273 360 361 385 391 398 430 452 496 510 518 534 554 572 574 626 627 648 669 684 685 727 750 756 761 762 764 788 806 817 951 980 988 997 1013 1117 1189 1195 1204 1225 1265 1290 1309 1334 1360 1376 1400 1415 1438 1442 1454 1458 1466 1510 1515 1522 1538 1585 1587 1607 1618 1642 1676 1690 1732 1792 1819 1839 1855 1884 1902 2002 2012 2035 2053 2136 2166 2180 2256 2267 2288 2336 2359 2363 2395 2400 2423 2444 2447 2454 2463 2469 2472 2505 2517 2521 2528 2531 2546 2555 2572 2573 2618 2637 2664 2716 2722 2759 2783 2803 2814 2828 2843 2870 2956 2982 2988 3100 3137 3141 3146 3179 3188 3199 3307 3319 3402 3421 3438 3483 3501 3509 3567 3605 3649 3654 3658 3691 3700 3710 3871 3895 3901 3977 4003 4011 4080 4113 4126 4187 4208 4233 4236 4241 4274 4374 4502 4577 4623 4800 4805 4837 4842 4883 4930 4951 4953 5042 5057 5095 5132 5323 5416 5471 5504 5523 5531 5654 5704 5719 5798 5834 5905 5921 5966 6005 6013 6102 6138 6179 6226 6355 6405 6408 6493 6538 6703 6754 6815 6857 6964 6970 7073 7142 7175 7409 7413 7418 7529 7592 7602 7613 7615 7654 7755 7757 7790 7830 7837 7850 7888 7932 7995 7997 8025 8063 8069 8086 8120 8287 8460 8612 8650 8672 8785 8788 8794 8969 9075 9142 9183 9252 9266 9302 9329 9355 9366 9404 9408 9432 9554 9670 9722 9771 9833 9838 9922 9926 9932 9938 9989 9991 10007 10073 10098 10176 10237 10264 10283 10293 10298 10348 10412 10498 10500 10553 10682 10706 10721 10746 10928 11048 11141 11152 11171 11242 11263 11302 11367 11407 11475 11519 11531 11560 11563 11614 16790 16815 16816 16818 16822 16823 16829 16830 16838 16843 16848 16853 16856 16872 16876 16884 16891 16903 16904 16916 16917 16922 16926 16933 16935 16948 16951 16957 16960 16962 16963 16964 16967 16973 16993 16995 16996 16998 17008 17009 17016 17017 17020 17024 17025 17041 17042 17045 17047 17051 17056 17061 17063 17064 17067 17070 17071 17074 17077 17079 17088 17092 17098 17101 17106 17110 17111 17112 17114 17120 17122 17125 17130 17131 17133 17139 17142 17145 17149 17153 17161 17163 17164 17169 17170 
	}
	manpower=207733
	buildings_max_level_factor=1.000
	state_category = wasteland
	impassable = yes
	history={
		owner = FRA
		add_core_of = ALG
		buildings = {
			infrastructure = 0
		}
	}
}
