
state={
	id=142
	name="STATE_142"
	resources={
		rubber=3
	}
	provinces={
		33 37 45 54 72 198 231 252 373 422 434 476 489 498 524 552 611 617 695 758 763 779 789 912 986 1087 1114 1148 1508 1590 1594 1677 1747 1787 1818 1821 1858 1862 1885 1999 2084 2086 2108 2130 2135 2139 2154 2170 2245 2398 2420 2460 2495 2506 2543 2610 2628 2657 2713 2762 2763 2873 3020 3063 3153 3241 3326 3354 3404 3467 3539 3668 3690 3891 3897 3920 4061 4198 4248 4320 4327 4453 4599 5028 5104 5131 5162 5176 5235 5320 5393 5607 5785 5818 5860 5880 5882 5911 5912 6008 6063 6283 6288 6337 6462 6601 6658 6699 6755 6778 6829 6867 6891 7216 7220 7288 7313 7374 7465 7651 7842 7871 8001 8101 8128 8189 8212 8508 8610 8773 8777 8877 8878 8953 9000 9037 9046 9270 9290 9370 9746 9893 9906 10056 10337 10399 10469 10579 10644 10960 11106 11280 11548 16990 17010 17011 17029 17048 17057 17062 17065 17075 17082 17083 17093 17094 17096 17097 17099 17104 17107 17108 17119 17123 17124 17128 17129 17132 17140 17141 17147 17154 17155 17157 17168 
	}
	manpower=42633
	buildings_max_level_factor=1.000
	state_category = wasteland
	impassable = yes
	history={
		owner = ITA
		add_core_of = LBA
		buildings = {
			infrastructure = 0
		}
	}
}
