
state={
	id=143
	name="STATE_143"

	history={
		owner = IRQ
		add_core_of = IRQ
		buildings = {
			infrastructure = 1

		}
		victory_points = {
			16587 1 
		}
		victory_points = {
			4654 1 
		}

	}

	provinces={
		28 117 152 153 183 189 366 407 462 485 696 835 843 853 945 965 971 972 1060 1194 1212 1307 1321 1399 1472 1549 1573 1736 1776 1812 1830 1843 1989 2013 2020 2100 2162 2236 2239 2314 2325 2452 2625 3047 3115 3324 3446 3472 3484 3584 3676 3732 3802 3964 4037 4048 4264 4322 4455 4484 4486 4615 4654 4700 4754 5061 5102 5322 5338 5563 5599 5600 5722 6053 6365 6390 6414 6552 6742 6876 7035 7402 7662 7681 7712 7740 7767 7789 7821 7845 8084 8114 8175 8247 8326 8486 8537 8562 8693 8837 8938 9012 9097 9201 9228 9337 9467 9523 9592 9813 9895 9976 9980 9986 10033 10092 10189 10225 10372 10424 10518 10665 10711 10751 11122 11241 11269 11403 11490 11607 16410 16411 16472 16479 16500 16510 16514 16531 16537 16540 16546 16549 16550 16560 16565 16570 16571 16572 16573 16580 16587 16589 16596 16604 16610 16611 16612 16621 16622 16623 16627 16630 16631 16632 16641 16643 16645 16646 16647 16648 16654 16655 16658 16661 16664 16669 16671 16675 16678 16679 16681 16696 16701 16702 
	}
	manpower=122093
	buildings_max_level_factor=1.000
	state_category=wasteland
}
