
state={
	id=144
	name="STATE_144"
	resources={
		oil=8.000
	}

	history={
		owner = IRQ
		add_core_of = IRQ
		buildings = {
			infrastructure = 3

		}
		victory_points = {
			15909 1 
		}
		victory_points = {
			1751 10 
		}
		victory_points = {
			2551 1 
		}
		victory_points = {
			16090 1 
		}
		victory_points = {
			16271 1 
		}
		victory_points = {
			16194 1 
		}

	}

	provinces={
		90 334 440 630 640 1102 1365 1471 1548 1604 1751 1765 1783 1901 1919 1933 2243 2301 2404 2551 2949 3002 3085 3162 3201 3212 3255 3913 3979 4402 4497 4836 4995 5123 5153 5188 5592 6089 6135 6161 6503 6689 6828 6993 7559 7715 7817 7948 8205 8510 8645 8652 9006 9068 9094 9133 9162 9268 9316 9714 10069 10161 10480 10537 10896 11146 11397 11456 11521 15775 15787 15815 15823 15848 15852 15853 15866 15871 15881 15909 15913 15914 15922 15950 15972 16046 16057 16064 16066 16089 16090 16103 16108 16130 16136 16161 16175 16193 16194 16204 16207 16261 16271 16298 16305 16327 
	}
	manpower=1182741
	buildings_max_level_factor=1.000
	state_category=town
}
