
state={
	id=146
	name="STATE_146"

	history={
		owner = ENG
		add_core_of = JOR
		buildings = {
			infrastructure = 3
			industrial_complex = 1

		}
		victory_points = {
			11512 1 
		}
		victory_points = {
			16714 1 
		}
		victory_points = {
			10009 20 
		}
		victory_points = {
			2726 1 
		}

	}

	provinces={
		2 158 226 306 465 539 580 1146 1223 1413 1684 1722 1985 2192 2486 2509 2726 2761 2868 2883 2967 3037 3065 3074 3507 4520 4608 4876 4971 5158 5206 5636 5697 6177 6407 6502 6833 7274 7542 7969 8203 8626 8657 8949 9231 9399 9728 9773 9889 10009 10024 10058 10166 10488 10557 10659 10828 11429 11512 11526 11575 11602 11615 16644 16656 16657 16659 16672 16693 16714 16721 16744 16763 16767 16769 16777 16781 16782 16792 16798 16805 16807 16810 16817 16824 16840 16842 16845 16851 16854 16862 16875 16881 20326 
	}
	manpower=932000
	buildings_max_level_factor=1.000
	state_category=rural
}
