
state={
	id=201
	name="STATE_201"

	history={
		owner = SOV
		add_core_of = SOV
		buildings = {
			infrastructure = 6
			industrial_complex = 2
			arms_factory = 1

		}
		victory_points = {
			9345 5 
		}
		victory_points = {
			9081 1 
		}
		victory_points = {
			3152 1 
		}

	}

	provinces={
		18 196 280 643 717 781 858 1296 1625 1870 1993 2760 2822 2841 3152 3248 3284 3336 3547 3633 4040 4158 4193 4463 4540 4727 5100 5363 5689 5738 6020 6034 6155 6164 6229 6237 6762 6904 6952 7343 7349 7397 7400 7480 7519 7527 7540 7551 7728 7992 8083 8421 8445 8576 8912 8924 9032 9081 9164 9179 9216 9278 9342 9345 9691 9878 10273 10275 10590 10862 11095 11516 11640 12672 12680 12696 12705 12711 12725 12758 12769 12786 12787 12793 12800 12804 12814 12821 12830 12839 12841 12854 12858 12859 12865 12876 12877 12905 12914 12915 12924 12934 12955 12956 12959 12972 12980 13005 
	}
	manpower=1551000
	buildings_max_level_factor=1.000
	state_category=town
}
