
state={
	id=222
	name="STATE_222"

	history={
		owner = SOV
		add_core_of = SOV
		buildings = {
			infrastructure = 5

		}
		victory_points = {
			12426 5 
		}
		victory_points = {
			1649 1 
		}
		victory_points = {
			7196 1 
		}
		victory_points = {
			12315 1 
		}
		victory_points = {
			4138 1 
		}
		victory_points = {
			930 1 
		}

	}

	provinces={
		132 165 188 224 239 317 453 562 586 723 760 784 882 930 936 1052 1092 1112 1133 1152 1575 1649 1761 1770 1829 2007 2131 2177 2186 2216 2399 2483 2547 2594 2711 2737 2840 2846 3379 3491 3540 3559 3644 3779 3848 4069 4086 4101 4138 4154 4237 4279 4377 4423 4776 4807 4830 4945 4952 5060 5155 5236 5438 5598 5677 5724 5775 5984 6184 6203 6438 6439 6487 6509 6553 6567 6634 6651 6709 6792 6996 7196 7309 7416 7479 7577 7721 7955 8000 8004 8020 8142 8272 8304 8456 8470 8715 8922 8968 9549 9647 9690 10031 10035 10059 10103 10136 10400 10524 10561 10794 10798 11131 11396 11415 11454 11472 11480 11483 11589 12179 12188 12238 12261 12268 12277 12291 12315 12321 12333 12337 12342 12346 12351 12352 12361 12364 12365 12374 12377 12379 12390 12392 12393 12397 12398 12405 12418 12421 12424 12426 12430 12438 12440 12446 12450 12452 12453 12463 12464 12473 12481 12487 12492 12497 12503 12510 12513 12522 12526 12527 
	}
	manpower=1601000
	buildings_max_level_factor=1.000
	state_category=town
}
