
state={
	state_category = town
	id=223
	name="STATE_223"
	history={
		owner = SOV
		add_core_of = SOV
		buildings = {
			infrastructure = 2
			industrial_complex = 1 
			11810 = { naval_base = 3 }
		}

		victory_points = {
			8310 1 
		}
		victory_points = {
			5096 1 
		}
		victory_points = {
			4358 1 
		}
		victory_points = {
			11309 1 
		}

	}
	provinces={
		19 56 81 266 279 410 431 538 551 793 884 885 913 973 1032 1170 1231 1243 1361 1462 1463 1628 1630 1667 1741 1786 1927 1964 1987 2095 2144 2178 2235 2238 2340 2453 2768 2801 2867 2994 3067 3104 3182 3390 3485 3548 3619 3657 3752 3785 3866 3884 3885 3970 4030 4125 4170 4172 4196 4204 4277 4337 4357 4358 4439 4440 4458 4518 4543 4775 4804 4884 4981 5019 5041 5047 5073 5074 5096 5175 5183 5294 5312 5380 5430 5435 5469 5475 5556 5568 5576 5694 5731 5737 5739 5805 5999 6011 6052 6091 6103 6137 6263 6305 6321 6356 6646 6659 6717 6728 6802 6933 6950 7119 7121 7134 7195 7197 7379 7464 7536 7550 7568 7688 7729 7738 7805 7808 7825 7869 7899 7911 8110 8140 8223 8310 8317 8337 8494 8554 8602 8673 8848 8887 8995 9015 9126 9137 9264 9274 9283 9312 9339 9431 9447 9460 9521 9544 9586 9669 9674 9796 9852 9982 10139 10196 10294 10312 10390 10529 10591 10620 10647 10690 10861 10869 10945 10967 11279 11309 11341 11514 11552 11553 11599 11664 11689 11694 11709 11715 11716 11718 11744 11746 11747 11771 11778 11781 11787 11788 11797 11810 11839 11843 11851 11858 11868 11872 11885 11891 11903 11905 11909 11913 11925 11933 11937 11938 11946 11952 11955 11962 11963 11969 11979 11985 11995 12008 12009 12015 12023 12027 12034 12041 12048 12052 12053 12054 12058 12059 12063 12064 12067 12073 12080 12084 12088 12090 12094 12096 12100 12101 12105 12106 12107 12128 12133 12142 12147 12165 12168 12187 12194 12195 12201 12216 12226 12233 12246 12252 12269 17173 17184 19282 
	}
	manpower=1109000
	buildings_max_level_factor=1.000
}
