
state={
	id=226
	name="STATE_226"
	resources={
		steel=39.000
	}

	history={
		owner = SOV
		add_core_of = SOV
		buildings = {
			infrastructure = 3

		}

	}

	provinces={
		98 127 259 414 673 689 1221 1256 1338 1387 1461 1503 1701 2051 2077 2099 2182 2215 2533 2991 3000 3010 3315 3380 3464 3513 3564 3597 3765 3813 3937 3974 4002 4036 4197 4262 4288 4462 4547 4566 4648 4791 4815 5006 5077 5128 5172 5204 5221 5512 5632 5812 5900 5913 5928 5970 6032 6116 6282 6375 6522 6555 6619 6745 6761 6786 6927 7013 7034 7221 7337 7362 7366 7387 7435 7502 7582 7611 7749 7813 7833 8168 8169 8209 8377 8378 8498 8534 8580 8783 8827 8905 8994 9295 9350 9375 9492 9546 9562 9694 9703 9752 9931 9961 10088 10172 10324 10330 10432 10437 10459 10536 10671 10729 10732 10790 10949 10965 10996 11093 11140 11255 11313 11315 11333 11530 11600 11838 11842 11845 11861 11867 11881 11889 11894 11902 11924 11928 11929 11943 11945 11959 11975 11990 11994 12014 12022 12025 12026 12030 12031 12038 12040 12047 12051 12056 12068 12069 12072 12082 12083 12089 12093 12110 12112 12115 12130 12132 12134 12144 12146 12149 12153 12154 12156 12159 12160 12175 12177 12193 12197 12200 12213 12220 12223 12228 12274 12296 12302 12313 12319 12331 12345 12363 12372 17183 17185 17188 17202 19235 19237 19238 19239 19240 19241 19242 19243 19244 19246 19247 19248 19249 19250 19251 19254 19255 19258 19260 19262 19264 19265 19266 19267 19268 19271 19272 19273 19275 19276 19277 19278 19279 19281 19283 19286 19288 19289 19290 19292 19294 19295 19296 19297 19298 19299 19300 19302 19303 19304 19307 19308 19311 19334 19340 19348 19349 
	}
	manpower=214858
	buildings_max_level_factor=1.000
	state_category=rural
}
