
state={
	id=227
	name="STATE_227"

	history={
		owner = SOV
		add_core_of = SOV
		buildings = {
			infrastructure = 2
			industrial_complex = 1

		}

	}

	provinces={
		44 80 335 466 517 577 682 782 864 881 906 939 1010 1082 1084 1157 1239 1250 1310 1369 1605 1702 1723 1752 1775 1897 2114 2148 2213 2282 2294 2311 2365 2388 2485 2497 2545 2704 2725 2797 2896 3105 3203 3215 3267 3276 3340 3360 3405 3420 3538 3764 3791 3822 3873 3922 3943 4131 4226 4405 4413 4513 4983 5024 5151 5163 5256 5381 5660 5744 5771 5827 5908 5967 6017 6074 6101 6238 6296 6380 6413 6456 6598 6693 6698 7137 7225 7394 7420 7495 7567 7673 7725 7743 7878 7945 7979 8023 8126 8267 8331 8416 8419 8422 8454 8545 8572 8952 8967 9013 9177 9281 9336 9390 9427 9489 9550 9843 9979 10094 10146 10326 10381 10411 10574 10613 10635 10662 10693 10850 10984 11019 11056 11102 11266 11339 11352 11522 11547 13468 13502 13515 13551 13557 13561 13578 13607 13615 13627 13653 13703 13710 13754 13832 13896 13947 13948 13956 13975 13999 14014 14140 14143 14218 14236 14250 14268 14311 14334 14385 14390 14423 14429 14464 14468 14473 14499 14509 14542 14556 14582 14597 14598 14611 14919 17315 17318 
	}
	manpower=1064523
	buildings_max_level_factor=1.000
	state_category=pastoral
}
