
state={
	id=269
	name="STATE_269"
	resources={
		chromium=20.000
	}

	history={
		owner = SOV
		add_core_of = SOV
		buildings = {
			infrastructure = 4
			air_base = 2

		}

	}

	provinces={
		76 838 925 1069 1629 1911 2393 2511 2678 3381 3545 3703 3874 4167 4345 4472 4549 4656 5080 5693 5845 6185 6276 6587 6667 6712 6807 6823 6974 6978 7127 7161 7267 7595 7649 7783 7872 8325 8586 8630 8796 8925 9363 9433 9450 9468 9640 9905 9968 10369 10457 10830 10848 11191 14155 14166 14168 14170 14179 14209 14217 14225 14232 14253 14261 14273 14274 14309 14310 14313 14316 14337 14338 14356 14361 14362 14371 14376 14381 14388 14406 14408 14409 14415 14427 14428 14434 14443 14444 14446 14449 14451 14456 14460 14483 14484 14502 14521 14527 14530 14553 14572 
	}
	manpower=1316516
	buildings_max_level_factor=1.000
	state_category=rural
}
