
state={
	id=270
	name="STATE_270"

	history={
		owner = SOV
		add_core_of = SOV
		buildings = {
			infrastructure = 2

		}

	}

	provinces={
		718 816 967 1033 1121 1363 1907 2142 2273 2334 2424 2754 2886 3024 3155 3409 3750 3759 3810 4062 4275 4535 4688 4857 4967 5103 5258 5370 5625 5672 6192 6731 7068 7286 7327 7468 7622 7966 8102 8730 8739 8781 8991 9089 9178 9251 9343 9480 9627 9815 9997 10346 10483 10610 10674 10700 10887 11098 11103 11288 11362 11584 11593 13649 13671 13680 13713 13714 13749 13799 13819 13823 13889 13895 13913 13955 13967 13981 13982 13987 14007 14040 14053 14073 14104 14127 
	}
	manpower=169620
	buildings_max_level_factor=1.000
	state_category=rural
}
