
state={
	id=293
	name="STATE_293"
	provinces={
		423 426 649 1061 1217 1244 1325 1443 1681 1689 1841 2069 2185 2272 2381 3038 3160 3480 3683 3947 4218 4231 4249 4496 4585 4682 4762 4810 4832 4961 5389 5390 5420 6143 6430 6562 6625 6649 6718 6820 6838 7041 7203 7205 7238 7258 7380 7450 7516 8266 8479 8564 8749 9085 9282 9294 9321 9416 9800 9825 10001 10017 10034 10106 10152 10254 10448 10632 11109 11180 11225 11237 11434 11493 11527 11562 12066 12076 12095 12109 12114 12127 12136 12140 12173 12182 12192 12198 12199 12203 12210 12212 12218 12219 12232 12236 12255 12256 12259 12272 12281 12293 12305 12309 12336 12339 12348 12354 12376 12400 12401 12420 12443 17220 18622 19274 19284 19285 19287 19291 19293 19301 19306 19309 19310 19313 19315 19318 19320 19321 19322 19325 19326 19327 19328 19330 19331 19332 19335 19336 19337 19338 19339 19342 19345 19346 19347 19351 19354 19356 19358 19360 19361 19362 19363 19365 19366 19370 
	}
	manpower=611100
	buildings_max_level_factor=1.000
	state_category = town
	resources={
		steel=3 # was: 4
	}
	history={
		owner = FIN
		add_core_of = FIN
		buildings = {
			infrastructure = 4
			industrial_complex = 1
		}
        }
}
