
state={
	id=294
	name="STATE_294"

	history={
		owner = FIN
		add_core_of = FIN
		buildings = {
			infrastructure = 4
			industrial_complex = 2

		}

	}

	provinces={
		193 475 889 1022 1034 1224 1228 2181 2198 2350 2402 2775 3009 3349 3432 3493 3786 4480 4505 4622 4853 5288 5520 5541 5586 5718 5759 5767 5858 5873 5980 6158 6262 7038 7083 7594 7739 8026 8046 8339 8396 8429 8725 8960 8979 9051 9136 9495 10105 10505 10609 10645 10673 10733 10819 10824 11158 11174 12019 12060 12077 12092 12135 12139 12148 12151 12162 12164 12170 12183 12185 12209 12222 12241 12244 12251 12253 12276 12280 12282 12288 12290 12299 12300 12307 12312 12320 12332 12335 12347 12350 12362 19305 19312 19314 19316 19319 19323 19324 19329 19333 19341 19344 19355 
	}
	manpower=811029
	buildings_max_level_factor=1.000
	state_category=town
}
