state={
	id=295
	name="STATE_295"
	provinces={
		233 362 499 566 732 1091 1098 1118 1127 1216 1331 1658 1854 1909 2125 2432 2493 2562 2567 2708 2748 2804 2884 2933 3059 3110 3172 3278 3549 3757 3801 3814 4055 4081 4280 4565 4605 4862 5083 5091 5429 5463 5518 5656 5903 6084 6284 6367 6447 6535 6768 6788 7194 7346 7354 7572 7589 7612 7618 7922 7991 8265 8352 8435 8480 8483 8640 8775 9106 9260 9407 9428 9514 9634 9707 10164 10343 10362 10534 10600 10747 10759 10915 11189 11247 11252 11525 11647 11675 11685 11686 11691 11695 11704 11705 11712 11714 11722 11728 11731 11734 11743 11752 11760 11761 11763 11795 11796 11799 11800 11809 11816 11819 11831 11836 11850 11863 11870 11890 11901 11908 11917 11919 11922 11926 11927 11948 11951 11981 11993 11999 12007 12013 19245 19252 19253 19256 19259 19261 19263 
	}
	manpower=121737
	buildings_max_level_factor=1.000
	state_category = rural
	resources={
		steel=7 # was: 8
		chromium=2 # was: 2
		tungsten=56.000
	}
	history={
		owner = FIN
		add_core_of = FIN
		buildings = {
			infrastructure = 2
		}
	}
}
