state={
	id=299
	name="STATE_299"
	provinces={
		29 237 384 432 435 480 522 794 977 1158 1255 1482 1488 1600 1637 1914 1921 1946 1963 2025 2160 2203 2465 2605 2675 2848 2885 3228 3459 3609 3661 3867 3890 3919 4122 4133 4550 4569 4635 4720 4769 5046 5120 5138 5347 5489 5593 5605 5688 5723 5802 5843 5863 5895 5956 5959 6076 6133 6213 6294 6312 6353 6427 6662 6664 6834 6849 6853 6888 6899 6944 6968 7025 7037 7044 7128 7189 7212 7321 7665 8018 8061 8207 8248 8584 8598 8627 8687 8697 8767 8816 9024 9098 9406 9430 9675 9683 9727 9749 9866 9995 10142 10539 10648 10719 10720 10881 11041 11071 12207 12227 12243 12250 12254 12267 12271 12275 12279 12286 12306 12308 12317 12334 12338 12341 12344 12357 12360 12396 12402 12404 12408 12410 12416 12417 12422 12427 12439 12441 12451 12458 12461 12470 12489 12491 12509 12512 12528 12533 12544 12550 12553 12557 12558 12611 12617 12641 
	}
	manpower=931955
	buildings_max_level_factor=1.000
	state_category = town
	resources={
		steel=40 # was: 62
	}
	history={
		owner = SWE
		add_core_of = SWE
		buildings = {
			infrastructure = 4
			industrial_complex = 1
			air_base = 3
			}
		}
}
