
state={
	id=300
	name="STATE_300"
	resources={
		tungsten=56.000
		steel=70.000
		chromium=35.000
	}

	history={
		owner = SWE
		add_core_of = SWE
		buildings = {
			infrastructure = 4
			industrial_complex = 1

		}

	}

	provinces={
		53 61 66 276 450 1130 1167 1183 1240 1383 1446 1513 1583 1705 1795 1853 1879 1903 1908 1996 2041 2260 2375 2579 2624 2680 2856 2864 3068 3073 3151 3295 3341 3394 3487 3696 3773 3959 3961 3991 4106 4107 4142 4188 4298 4347 4495 4630 4881 4906 4918 4942 4947 4950 4960 4972 5197 5286 5394 5495 5642 5649 5710 5822 6016 6146 6212 6302 6364 6542 6593 6605 6608 6621 6661 6716 6843 6903 6925 6995 7138 7139 7157 7241 7494 7525 7667 7778 8039 8065 8107 8109 8129 8163 8343 8379 8401 8402 8433 8444 8542 8544 8664 8897 8927 9088 9192 9358 9485 9499 9535 9617 9748 9858 10175 10192 10367 10375 10383 10463 10546 10656 10668 10893 10939 11118 11198 11208 11298 11347 11382 11428 11460 11624 11629 11690 11719 11726 11727 11738 11742 11765 11766 11780 11785 11794 11804 11824 11826 11841 11852 11854 11855 11856 11866 11875 11877 11880 11884 11892 11895 11898 11907 11912 11915 11916 11921 11931 11932 11940 11941 11947 11950 11956 11961 11965 11967 11970 11977 11978 11984 11987 12002 12004 12005 12006 12017 12018 12021 12028 12029 12035 12037 12042 12061 12075 12079 12087 12091 12098 12099 12102 12103 12108 12117 12120 12123 12124 12126 12131 12138 12150 12157 12158 12169 12178 12191 12196 12205 12221 12231 12240 12248 12273 12287 17192 17201 
	}
	manpower=415327
	buildings_max_level_factor=1.000
	state_category=rural
}
