
state={
	id=301
	name="STATE_301"
	resources={
		aluminium=10.000
	}

	history={
		add_core_of = NOR
		owner = NOR
		buildings = {
			infrastructure = 6
			arms_factory = 2
			industrial_complex = 3
			dockyard = 1
			air_base = 4
			9621 = { naval_base = 6 }
		}
		victory_points = {
			12678 25 
		}
	}

	provinces={
		464 603 605 645 667 715 949 1018 1054 1499 1715 1877 1977 2031 2145 2326 2342 2800 3095 3250 3260 3628 4078 4185 4235 4424 4524 4571 4970 5443 5574 5618 5695 5729 5768 5891 5929 6737 6743 6839 6991 7307 7315 7456 7460 7530 7580 7661 7777 8144 8270 8282 8437 8611 8614 8647 8889 8984 9275 9522 9621 9766 9867 10104 10125 10235 10327 10551 10586 10806 11069 11156 11165 11167 11384 12386 12406 12415 12435 12457 12462 12472 12485 12494 12501 12518 12521 12525 12535 12539 12564 12567 12585 12598 12605 12606 12644 12650 12659 12664 12678 12694 12701 12702 12717 12729 12739 17268 
	}
	manpower=1410219
	buildings_max_level_factor=1.000
	state_category=city
}
