
state={
	id=302
	name="STATE_302"
	resources={
		steel=9.000
		tungsten=15.000
	}

	history={
		owner = NOR
		add_core_of = NOR
		buildings = {
			infrastructure = 3
			air_base = 1

		}

	}

	provinces={
		68 581 661 1370 1374 1968 2121 2133 2582 2845 2852 2921 3021 3164 3599 3775 4135 4297 4574 4619 4987 5023 5282 5620 5957 6028 6495 6653 6906 7716 8125 8260 8308 8701 8820 8981 9189 9327 9328 9344 9384 9440 9452 9695 9706 10558 10650 10833 11030 11105 11139 11463 11550 11643 11644 11645 11646 11661 11662 11663 11666 11668 11670 11677 11678 11683 11684 11687 11698 11702 11710 11713 11717 11725 11748 11749 11773 11789 11825 11848 11865 11954 11974 12033 12065 12074 12081 12097 12113 12161 17172 
	}
	manpower=355251
	buildings_max_level_factor=1.000
	state_category=rural
}
