
state={
	id=304
	name="STATE_304"
	resources={
		chromium=4.000
		aluminium=18.000
	}

	history={
		add_core_of = NOR
		add_core_of = SWE
		owner = SWE
		buildings = {
			infrastructure = 5
			industrial_complex = 2
			air_base = 1
			10435 = { naval_base = 3 }
			8283 = { naval_base = 3 }
			7376 = { naval_base = 1 }
		}

	}

	provinces={
		38 212 241 433 615 1088 1105 1174 1186 1254 1284 1378 1490 1718 1873 1938 1942 1962 2900 3478 3601 3631 3967 4247 4384 4471 4689 4917 5040 5296 5424 5630 5904 5943 6021 6108 6127 6563 6957 7314 7376 7599 7841 8283 8300 8466 8538 8604 8849 9613 9719 9821 9829 10160 10210 10386 10435 10543 10548 10879 10919 11044 11163 11286 11354 11549 11598 12329 12375 12383 12391 12409 12466 12467 12484 12498 12502 12511 12520 12531 12552 12560 12569 12571 12579 12581 12597 12602 12609 12625 12668 12700 12742 12760 12774 12779 12795 12803 12809 12820 12825 12834 12846 12850 12866 12867 12894 
	}
	manpower=880945
	buildings_max_level_factor=1.000
	state_category=town
}
