state={
	id=306
	name="STATE_306"
	provinces={
		99 371 678 1333 1925 1936 1979 2101 2232 2413 2462 2542 2578 2813 3161 3298 3591 3713 3746 4088 4220 4312 4539 4542 4637 4731 4750 4898 4943 4969 5013 5021 5054 5136 5168 5318 5326 5403 5783 5855 5952 5965 5983 6031 6042 6230 6286 6463 6506 6529 6583 6685 6824 6951 7009 7198 7534 7562 7644 7691 7760 7768 7784 8017 8115 8182 8320 8392 8505 8617 8679 8787 8790 8801 8859 9056 9353 9388 9448 9552 9568 9648 9718 9940 10050 10095 10112 10333 10366 10443 10688 10695 10699 10766 10791 10904 10937 10995 11326 11617 11639 11733 11741 11792 11798 11803 11805 11806 11811 11812 11814 11817 11818 11823 11827 11829 11830 11833 11834 11847 11862 11864 11869 11874 11879 11883 11886 11887 11888 11893 11896 11897 11899 11900 11904 11906 11911 11918 11920 11930 11935 11936 11939 11942 11949 11953 11958 11960 11964 11968 11972 11973 11976 11980 11983 11988 11989 11992 11998 12000 12001 12011 12012 12020 12032 12039 12046 12050 12057 
	}
	manpower=115870
	buildings_max_level_factor=1.000
	state_category = rural
	history={
		owner = DEN
		add_core_of = DEN
		add_core_of = ICE
		set_demilitarized_zone = yes
		buildings = {
			infrastructure = 10
			11899 = { naval_base = 4 }
		}
	}
}
