
state={
	id=310
	name="STATE_310"
	provinces={
		25 157 292 301 500 856 894 984 1001 1005 1011 1178 1191 1366 1557 1569 1635 1641 1644 1672 1846 2046 2116 2196 2202 2296 2507 2514 2584 2724 2749 2771 3149 3191 3252 3308 3417 3418 3698 4052 4092 4250 4257 4270 4283 4649 4748 4956 5094 5137 5214 5325 5373 5378 5409 5457 5553 5705 5901 5975 6046 6258 6272 6496 6524 6574 6632 6673 6715 6796 7234 7961 8297 8780 8843 9191 9193 9263 9297 9518 9597 9636 9733 9781 9883 10244 10288 10392 10405 10738 10804 10917 11000 11070 11091 11187 11327 11606 16835 16847 16859 16889 16899 16900 16925 16929 16947 16956 16959 16961 16965 16971 16977 16978 16982 16985 16991 17004 17007 17015 17022 17028 17031 17034 17095 17116 17135 17143 17166 
	}
	manpower=1
	buildings_max_level_factor=1.000
	state_category = wasteland
	impassable = yes
	history={
		owner = FRA
		add_core_of = MOR
		buildings = {
			infrastructure = 0
		}
		victory_points = {
			16925 5
		}
	}
}
