
state={
	id=311
	name="STATE_311"

	history={
		owner = SAU
		add_core_of = SAU
		buildings = {
			infrastructure = 3
			9362 = { naval_base = 6 }	
		}

	}

	provinces={
		5 185 214 236 310 322 347 402 481 520 629 658 891 907 947 981 1059 1065 1113 1147 1184 1211 1784 1881 2005 2015 2074 2158 2310 2315 2433 2560 2591 2963 3049 3064 3078 3198 3330 3458 3482 3568 3617 3664 3685 3716 3910 4089 4112 4292 4418 4461 4650 4726 4877 5109 5110 5196 5262 5433 5503 5667 5734 6153 6297 6609 6660 6738 7081 7090 7305 7363 7393 7441 7747 8076 8192 8661 8810 9008 9048 9362 9721 9729 10078 10123 10388 10618 10655 10905 10932 11145 11391 16896 16898 16908 16955 16970 16972 16981 16989 17000 17001 17005 17021 17027 17038 17039 17050 17055 17060 17073 17080 17086 17103 17109 17117 17121 17134 17137 17150 17151 17156 17167 17412 17413 17415 17416 17417 17418 
	}
	manpower=1511000
	buildings_max_level_factor=1.000
	state_category=pastoral
}
