
state={
	id=312
	name="STATE_312"
	provinces={
		1 14 52 78 85 91 101 102 108 111 115 139 145 161 174 180 181 191 203 213 217 227 229 290 308 312 332 380 395 427 437 478 513 528 531 545 560 575 579 591 601 637 639 646 668 720 729 730 771 773 792 795 796 801 811 852 861 870 871 901 910 915 922 931 943 966 989 1008 1025 1055 1081 1106 1108 1181 1188 1214 1249 1266 1286 1291 1297 1327 1330 1343 1351 1412 1430 1473 1478 1479 1539 1556 1581 1651 1695 1767 1779 1823 1976 1984 2028 2044 2054 2055 2097 2102 2115 2137 2159 2171 2221 2249 2278 2297 2300 2329 2343 2344 2351 2353 2389 2448 2484 2487 2588 2630 2646 2658 2666 2682 2693 2718 2751 2766 2789 2818 2858 2872 2929 2939 2940 2996 3025 3029 3054 3086 3099 3119 3193 3194 3197 3220 3225 3244 3293 3337 3366 3397 3433 3454 3460 3560 3583 3589 3600 3671 3734 3738 3748 3758 3767 3818 3821 3836 3852 3877 3941 4018 4024 4076 4085 4118 4182 4230 4246 4276 4318 4366 4394 4470 4521 4526 4529 4589 4602 4603 4609 4625 4644 4651 4681 4694 4701 4709 4718 4784 4860 4868 4875 4886 4903 4911 4914 4937 4946 4964 5022 5090 5099 5191 5219 5292 5397 5460 5472 5477 5494 5538 5596 5624 5726 5735 5829 5867 5879 5934 5950 5958 5960 5972 5991 6035 6077 6200 6231 6274 6301 6307 6320 6349 6381 6423 6460 6478 6482 6624 6741 6759 6785 6842 6878 6887 6900 6905 6916 7001 7042 7125 7135 7146 7218 7316 7358 7447 7509 7526 7531 7533 7584 7769 7806 7851 7875 7882 7908 7929 8016 8081 8186 8220 8227 8237 8268 8303 8348 8372 8373 8407 8507 8533 8553 8636 8655 8665 8712 8748 8758 8817 8950 9005 9042 9065 9071 9082 9232 9256 9311 9379 9465 9501 9566 9603 9624 9656 9682 9738 9847 9861 9916 9929 9939 10011 10051 10054 10150 10183 10252 10253 10379 10398 10404 10410 10439 10515 10633 10708 10763 10880 10966 11074 11082 11114 11116 11159 11202 11216 11291 11328 11358 11400 11451 11452 11540 11567 11587 16660 16662 16667 16668 16670 16673 16677 16682 16684 16686 16687 16688 16689 16692 16694 16695 16699 16709 16712 16713 16715 16722 16723 16725 16728 16729 16731 16736 16737 16747 16749 16750 16751 16753 16759 16768 16774 16779 16780 16787 16788 16789 16796 16802 16808 16813 16821 16826 16827 16831 16841 16855 16858 16863 16868 16871 16877 16883 16892 16894 16897 16905 16914 16938 16942 16979 16984 16994 16999 17003 17023 17032 17040 17052 17078 17085 17087 17090 17113 17126 17127 17144 17160 17405 
	}
	manpower=1440000
	buildings_max_level_factor=1.000
	state_category = rural
	resources={
		oil=3 # was: 3
	}
	history={
		owner = SAU
		add_core_of = SAU
		buildings = {
			infrastructure = 1
			arms_factory = 1
			industrial_complex = 1
			9379 = { naval_base = 6 }
		}
	}

}
