
state={
	id=316
	name="STATE_316"
	resources={
		steel=20.000
	}
	history={
		owner = SOV
		add_core_of = SOV
		buildings = {
		infrastructure = 4 }

		victory_points = {
			4202 20 
		}
		victory_points = {
			735 1 
		}
		victory_points = {
			286 1 
		}
		victory_points = {
			5097 1 
		}
	}

	provinces={
		184 286 363 735 1179 1185 1342 1352 1433 1547 1599 1709 1876 2067 2287 2324 2636 2778 2925 2955 3023 3569 3603 3807 3924 4202 4228 4328 4407 5097 5127 5328 5375 5384 5385 5539 5591 5748 5836 6002 6433 6469 6657 6727 6797 6909 7172 7405 8009 8451 8529 8581 8591 8874 8966 8971 9120 9160 9441 9801 10084 10447 10691 10889 10900 10947 11043 11268 12483 12514 12530 12538 12565 12574 12575 12577 12587 12588 12600 12610 12626 12632 12653 12658 12710 12714 12746 12775 12791 12819 
	}
	manpower=1000000
	buildings_max_level_factor=1.000
	state_category=town
}
