state={
	id=317
	name="STATE_317"

	history={
		owner = SOV
		add_core_of = SOV
		add_core_of = KAZ
		buildings = {
			infrastructure = 3 }

	}
	state_category=town
	manpower=700000
	provinces={
		34 121 235 248 287 415 495 656 711 765 819 928 1041 1051 1129 1159 1227 1359 1526 1609 1648 1674 1682 1758 1813 1981 2022 2038 2143 2189 2207 2293 2376 2431 2457 2544 2566 2777 2799 2820 2827 2844 3094 3103 3224 3384 3426 3541 3596 3637 3778 3842 3857 3918 4004 4079 4159 4267 4570 4612 4712 4755 4820 4894 4928 4929 5049 5078 5194 5358 5387 5547 5955 6151 6233 6385 6733 6775 6883 6963 7143 7233 7257 7723 7745 7773 7796 7803 7846 8032 8333 8472 8708 9423 9538 9765 9828 9936 10082 10456 10506 10547 10572 10962 11405 11470 12536 12546 12547 12556 12592 12604 12616 12629 12670 12682 12689 12699 12715 12802 12807 12823 12868 12884 12900 12967 12985 13082 13102 13127 13130 13228 
	}
	buildings_max_level_factor=1.000
}
