state={
	id=318
	name="STATE_318"

	history={
		owner = SOV
		add_core_of = SOV
		add_core_of = KAZ
		buildings = {
			infrastructure = 1 }

	}
	state_category=town
	manpower=230000
	provinces={
		204 291 456 474 632 664 691 751 803 878 886 905 1100 1103 1251 1381 1402 1477 1589 1631 1837 2150 2155 2535 2807 2888 3158 3174 3180 3291 3577 3669 3678 3699 3753 3861 3978 4094 4263 4339 4916 4933 5026 5567 5683 6260 6295 6409 7260 7552 7915 8121 8724 8895 9190 9229 9310 9401 9491 9611 10036 11132 11203 12045 12062 12104 12116 12141 12181 12208 12211 12235 12245 12247 12249 12258 12266 12284 12285 12301 12328 12340 12353 12370 12381 12385 12395 12425 12428 12434 12436 12455 12465 12493 
	}
	buildings_max_level_factor=1.000
}
