
state={
	id=322
	name="STATE_322"

	history={
		owner = SOV
		add_core_of = SOV
		add_core_of = KAZ
		buildings = {
			infrastructure = 1 }

	}
	provinces={
		35 119 208 313 372 503 705 747 800 822 823 842 923 1045 1125 1150 1160 1218 1268 1303 1326 1416 1423 1483 1532 1545 1646 1717 1737 1748 1798 1803 1809 1822 1869 1952 1980 2048 2068 2134 2428 2640 2689 2906 3033 3043 3131 3256 3305 3533 3534 3681 3780 4057 4058 4128 4355 4426 4431 4468 4515 4564 4626 4677 4747 4992 4996 5062 5562 5626 5808 5813 5835 5893 5924 5977 5992 6401 6404 6865 7484 7858 8031 8411 8625 8660 8804 10178 10269 10308 10446 12016 12043 12049 12111 12122 12167 12186 12215 12292 12310 12318 12358 12368 12382 12412 12551 12645 12648 
	}
	manpower=500000
	buildings_max_level_factor=1.000
	state_category=town
}
