
state={
	id=325
	name="STATE_325"
	resources={
		chromium=15.000
	}

	history={
		owner = SOV
		add_core_of = UZB
		buildings = {
			infrastructure = 1

		}
		victory_points = {
			13429 20 
		}

	}

	provinces={
		126 321 345 447 449 512 557 565 633 821 950 1242 1431 1469 1666 1678 1895 2105 2117 2128 2206 2320 2456 2459 2489 2938 3240 3419 3462 3606 3930 4031 4165 4427 4587 4717 5068 5165 5233 5875 5932 5988 6445 6655 6665 6719 6936 6966 7012 7117 7208 7452 7482 7605 7719 7792 8359 8404 8550 8671 8825 8997 9100 9347 9402 9540 9583 9588 9747 9887 10299 10347 10415 10491 10634 10762 11092 13135 13146 13162 13198 13235 13236 13254 13308 13322 13330 13360 13379 13395 13407 13415 13418 13429 13445 13448 13451 13454 13457 13462 13467 13505 13511 13610 13689 
	}
	manpower=1300000
	buildings_max_level_factor=1.000
	state_category=town
}
