
state={
	id=327
	name="STATE_327"

	history={
		owner = SOV
		add_core_of = SOV
		add_core_of = KAZ
		buildings = {
			infrastructure = 3

		}

	}

	provinces={
		23 162 176 177 245 358 390 408 472 564 824 1015 1057 1233 1612 1656 1849 1856 2010 2075 2201 2225 2328 2418 2440 2561 2665 2679 2824 2850 2874 2879 2889 3083 3200 3332 3451 3615 3829 3830 4047 4065 4132 4346 4361 4381 5059 5228 5289 5311 5514 5527 5611 5629 5840 6015 6090 6173 6277 6440 6458 6476 6578 6597 7058 7066 7150 7159 7183 7284 7295 7522 7671 7896 8006 8072 8153 8180 8642 8728 8771 8855 8888 8915 8963 9182 9422 9740 10322 10723 10750 10838 12661 12686 12718 12723 12727 12734 12754 12757 12783 12790 12792 12842 12896 12954 12988 12997 13062 13075 13105 13108 
	}
	manpower=120000
	buildings_max_level_factor=1.000
	state_category=town
}
