state={
	id=328
	name="STATE_328"

	history={
		owner = SOV
		add_core_of = SOV
		add_core_of = KAZ
		buildings = {
		infrastructure = 1 }

		victory_points = {
			2770 1 
		}
		victory_points = {
			13720 1 
		}
		victory_points = {
			5225 1 
		}
	}
	state_category=town
	manpower=320000
	provinces={
		51 166 457 592 810 919 1206 1248 1323 1489 1498 1647 1688 1745 1834 1961 2151 2164 2209 2228 2355 2596 2650 2695 2770 3030 3053 3258 3279 3309 3373 3524 3612 3705 3792 3804 3960 4091 4140 4211 4239 4379 4545 4581 4661 4723 4778 5225 5336 5750 5779 5796 5973 6065 6139 6215 6224 6267 6444 6707 6722 6897 6912 7583 7732 7759 7965 8052 8138 8214 8249 8380 8536 8727 8818 9112 9374 9470 9502 9631 9654 10027 10070 10258 10296 10315 10963 11084 11276 11317 11321 11378 13227 13378 13386 13425 13439 13477 13497 13556 13614 13621 13681 13687 13709 13720 13737 13743 13769 13811 13824 13839 13846 13867 13879 13894 13901 13907 13922 13953 13968 14011 14020 14031 14037 14054 14134 17298 17306 17307 17309 
	}
	buildings_max_level_factor=1.000
}
