state={
	id=353
	name="STATE_353"
	provinces={
		257 288 309 319 458 487 745 754 777 812 961 993 999 1077 1120 1141 1346 1778 1797 1935 2017 2152 2271 2352 2434 2442 2471 2830 3102 3129 3634 3652 3986 4265 4400 4752 5582 5974 6039 6125 6142 6373 6686 6701 6921 6973 7056 7280 7344 7478 7781 8116 8124 9618 9705 10987 11427 15695 15697 15755 15759 15804 15946 16032 16149 16176 16190 16256 16301 16314 16328 16366 
	}
	manpower=885272
	buildings_max_level_factor=1.000
	state_category = rural
	resources={
		oil=36 # was: 14
	}
	history={
		owner = PER
		add_core_of = PER
		buildings = {
			infrastructure = 2
		}
	}
}
