
state={
	id=57
	name="STATE_57"

	history={
		owner = FRA
		add_core_of = FRA
		buildings = {
			infrastructure = 6
			arms_factory = 1
			industrial_complex = 1
			air_base = 2

		}

	}

	provinces={
		6 1020 1475 1840 2120 2491 2935 3338 3586 4639 4730 4845 5255 5271 5360 6368 6880 7026 7028 7060 7100 7604 7700 7890 7986 8197 8253 8278 9009 9248 9886 10403 10580 10726 10864 11229 11359 11432 15515 15566 15567 15589 15608 15636 15638 15641 15657 15676 15689 15690 15702 15706 15713 15717 15725 15748 15749 15750 15756 15767 15768 15807 15833 15844 19718 19720 19721 19722 19723 19724 19725 19726 19727 19728 19729 19730 19731 19732 19733 19734 19735 19737 19738 19744 19747 19748 19752 19753 19755 19758 19759 19761 19762 19764 19765 19773 19775 19776 19780 19783 19788 19793 19797 20107 
	}
	manpower=1825000
	buildings_max_level_factor=1.000
	state_category=city
}
