
state={
	id=62
	name="STATE_62"
	resources={
		aluminium=19.000
	}

	history={
		owner = FRA
		add_core_of = FRA
		buildings = {
			infrastructure = 7
			industrial_complex = 2
			air_base = 2

		}

	}

	provinces={
		741 867 1124 1484 1973 2321 2871 2902 3245 4378 4421 4658 5124 5995 7002 7512 7682 7710 8829 9348 9574 9855 9941 10803 11179 11580 11638 14691 14712 14743 14798 14809 14829 14840 14856 14878 14886 14896 14927 14954 14965 15017 15022 15029 15050 15052 15059 15072 15077 19559 19561 19620 19621 19622 19624 19632 19637 19638 19644 19646 19647 19649 19652 19653 19661 19686 19696 19700 19701 19948 19962 19973 19977 
	}
	manpower=1370800
	buildings_max_level_factor=1.000
	state_category=city
}
