
state={
	id=65
	name="STATE_65"
	resources={
		steel=120.000
		aluminium=80.000
	}

	history={
		owner = FRA
		add_core_of = FRA
		buildings = {
			infrastructure = 6
			industrial_complex = 2
			air_base = 2

		}

	}

	provinces={
		655 697 1379 1507 1810 2040 3117 3576 4474 5098 5603 6088 6293 6748 6841 6917 6962 7347 8164 8596 8945 9487 9564 9629 10831 10852 11211 11246 11545 15524 15554 15562 15563 15568 15591 15598 15609 15619 15622 15626 15644 15647 15648 19736 19739 19740 19741 19742 19743 19745 19746 19749 19750 19751 19754 19756 19757 19760 19766 19767 19768 19770 19771 19772 19779 19781 19782 19784 19786 19789 19791 19795 19798 19800 19801 20005 20022 20023 20026 
	}
	manpower=1691200
	buildings_max_level_factor=1.000
	state_category=town
}
