
state={
	id=67
	name="STATE_67"
	resources={
		steel=60.000
		aluminium=35.000
	}

	history={
		owner = FRA
		add_core_of = FRA
		buildings = {
			infrastructure = 7
			arms_factory = 1
			industrial_complex = 2
			air_base = 4

		}

	}

	provinces={
		960 1414 1518 2247 2623 2878 4376 4978 5053 5369 5440 5754 6967 6994 7389 8091 8314 8488 9673 9713 10243 10311 10364 10416 10991 11418 11513 15078 15130 15141 15157 15217 15230 15269 15309 15364 15576 15580 19692 19695 19790 19794 19803 19804 19805 19808 19810 19817 19818 19823 19824 19826 19830 19839 19842 19843 19861 19873 19877 19880 19884 19886 19888 19889 19893 19894 19898 19899 19905 19906 19911 19926 19929 19937 19940 20034 20035 
	}
	manpower=2973200
	buildings_max_level_factor=1.000
	state_category=city
}
