
state={
	id=68
	name="STATE_68"

	history={
		owner = FRA
		add_core_of = FRA
		buildings = {
			infrastructure = 5
			industrial_complex = 1

		}

	}

	provinces={
		155 1457 1774 1896 2696 3361 3367 3689 3940 4301 5089 5265 5581 5682 6306 6313 6485 6831 8289 8338 8909 8990 9215 9689 9857 10048 10117 10749 15089 15151 15166 15222 15242 15272 15321 15322 15367 15375 15389 15404 15421 15428 15455 15482 15490 15504 19614 19615 19616 19802 19806 19816 19819 19820 19822 19829 19833 19834 19835 19837 19841 19848 19867 19879 19883 19892 19897 19903 19908 19924 19936 19938 19946 19953 19954 
	}
	manpower=877800
	buildings_max_level_factor=1.000
	state_category=town
}
