
state={
	id=69
	name="STATE_69"

	history={
		owner = FRA
		add_core_of = FRA
		buildings = {
			infrastructure = 5

		}

	}

	provinces={
		238 262 461 622 1912 2253 2570 3522 3623 4771 5277 5355 6253 6359 7252 7541 8073 8347 8567 8607 8722 8921 8947 9619 10267 10274 10378 10653 11398 15204 15265 15289 15296 15303 15359 15391 15393 15399 15416 15431 15441 15444 15464 15474 15491 15494 19796 19799 19807 19811 19812 19814 19815 19821 19828 19832 19840 19846 19849 19857 19870 19875 19876 19878 19885 19887 19891 19895 19896 19902 19904 19907 19910 19912 19913 19919 19992 20108 20109 20110 20111 20112 20113 20121 
	}
	manpower=1343700
	buildings_max_level_factor=1.000
	state_category=large_town
}
