
state={
	id=70
	name="STATE_70"

	history={
		owner = FRA
		add_core_of = FRA
		buildings = {
			infrastructure = 6

		}

	}

	provinces={
		141 2082 2553 3052 3140 3378 4299 4313 4696 5623 5962 6847 8204 8566 8695 9007 9513 9665 10038 10434 10622 10931 15013 15016 15049 15117 15135 15136 15163 15165 15185 15257 19541 19617 19618 19917 19918 19921 19922 19927 19928 19931 19934 19935 19939 19945 19949 19951 19952 19957 19961 19963 19964 19965 19976 20114 20115 
	}
	manpower=636400
	buildings_max_level_factor=1.000
	state_category=town
}
